636057
201482
631845
547868
33771
623500
66100
494082
440698
208020
27095
138568
21899
292407
853754
79654
788725
79745
100603
93485
820764
350589
744953
104689
693373
24283
252799
805418
58813
984478
441708
485879
461620
384000
587192
918394
734661
923259
485798
822700
272914
995627
648112
400891
247446
769857
585692
174819
360226
156504
368462
286340
87445
620943
557235
71609
879282
164043
6920
25265
419781
712567
339682
800184
572323
130337
507367
105350
892674
78982
405097
870927
759507
790453
22875
838866
6548
244483
891844
443241
24070
320798
312422
991332
291495
781526
961828
409313
196632
763040
340553
230919
357916
163149
206343
779973
889515
509441
688562
215039
608838
713674
406847
994239
883738
447025
320282
498722
32265
618904
594646
782975
129320
780895
836460
348794
28075
895507
147438
257082
983815
261079
598699
978534
666314
938990
610871
961970
584480
522654
7322
679400
122443
770678
39679
742557
926268
515514
777047
819594
289892
386286
915697
396883
300809
547955
270197
703618
731485
672210
118969
261398
240836
297406
819249
842674
198629
200335
3376
67353
9989
251936
498824
272643
920813
838164
359656
635180
979711
437813
991798
174568
747857
518309
936367
232601
942951
961205
35064
201963
13459
699817
233317
712209
528631
846241
427478
599934
680989
23581
482142
865561
401377
886990
735929
413030
931107
415033
85212
783371
857729
747515
644961
821882
855664
419546
296674
395171
763094
342022
361253
923122
333477
869460
598448
776847
512927
606212
606310
72723
480950
76360
49151
260747
847158
131304
509030
249827
294153
618219
865375
860609
898644
773805
144412
766285
228856
448245
632450
32323
814392
276928
555450
46545
501121
490741
835761
331598
652617
143694
842375
133198
833478
109021
853886
100890
29166
487091
306670
35403
220317
831404
161261
920485
163593
349250
696925
30556
41013
503517
250788
192415
558212
29476
319342
554019
510450
598638
705725
890935
532689
290059
147834
367361
23964
762523
925418
209566
232228
919138
96942
282484
427394
795134
240861
562263
529207
21501
305394
837167
622784
178931
543768
155034
446081
581063
618914
967001
206417
951834
96803
134403
341663
292829
457999
899304
28266
192732
892775
140371
123372
397560
909677
206567
660542
638345
787099
944090
174829
268902
191834
200119
767944
982515
640466
734242
521150
800628
604521
619112
283311
222440
877656
531159
993573
220733
704725
875617
109789
11128
193589
154002
800560
819466
719408
953496
794237
351295
619180
143872
964253
219999
146170
426920
246491
123165
797240
54495
539198
243275
81745
963782
115230
877130
112627
562175
394481
122677
65586
109948
873591
41914
271027
917998
610960
809520
129115
112178
16266
199897
27214
367797
222003
376962
300802
30727
24764
363456
26304
299199
109167
77788
33035
417057
918592
249683
140505
40089
353511
440614
888831
387726
277520
395532
259001
429129
238742
899420
354752
12471
593745
581469
220120
506518
404137
842909
830952
552642
692604
438867
462580
931940
353226
643059
690117
235555
746665
304927
16576
26716
638430
176323
794126
931026
100389
358588
655660
658450
562410
586276
10560
308223
721178
821878
386817
538993
163590
553139
80795
794163
597532
543400
968827
890355
586366
133426
657204
929586
816144
594095
817947
848219
675743
312095
449071
523609
367173
600178
485167
419006
781661
769898
195152
345464
950536
414097
870694
283981
310036
10269
615370
959796
185971
381619
479059
252673
515529
912906
584967
711426
665744
901582
312159
707927
395334
985322
521502
796104
231243
194628
447749
956192
313783
68985
378388
815755
703374
198170
957354
999192
164298
23279
698267
209816
51496
287083
580241
876902
458263
958343
895304
478739
646834
83107
489077
396820
719631
916994
307572
171351
813632
960634
558039
760778
959573
516228
589025
194702
364979
982577
775651
328094
807270
950459
695107
123191
190108
907199
832264
512675
80917
931463
56878
833172
246102
595292
456060
601662
197302
594107
535617
969901
499327
616809
771687
104576
838796
132313
403154
465611
460548
107011
812004
94383
723388
946273
902789
570657
962549
954462
326201
885756
156357
379828
911446
634087
740241
216635
196419
310793
281484
705968
845798
175673
190596
253637
100264
798777
595171
878832
233410
628315
413393
446556
537985
444095
338621
712114
304531
497953
263641
524124
980851
255200
841221
566702
550963
587466
682682
459893
691147
817579
752546
334412
445530
361761
17348
621837
714439
674939
370888
490102
418975
493145
385187
357280
651198
835387
952995
250978
750683
119213
398663
478251
77558
943162
972702
429823
245466
369959
722347
175875
903936
821516
785377
397927
440687
276410
4520
737127
535442
288627
50657
683889
616349
260062
698235
63222
429437
375973
567655
126038
65327
20508
166753
396191
533310
337379
884860
169080
921747
788100
254433
848639
129476
126991
161208
849679
342590
589132
196497
301397
814804
345713
275291
251036
990914
382949
339772
984793
698119
8205
106446
723125
578655
673549
651344
591459
412125
866291
244473
963093
692800
472668
403236
82092
205031
439699
123969
129448
250780
296992
738563
440290
202383
351338
724813
524002
709272
219053
48302
508586
911009
41827
532041
17118
585131
859551
217632
695010
174714
446825
406410
314706
938051
608216
836998
778000
85301
760718
381173
369473
211567
291041
415388
257185
802669
981519
171103
724303
232365
963586
481963
698583
844214
534370
356583
342235
227430
503240
217071
304934
166429
904842
788542
525381
434372
197742
914789
505404
280561
878236
749328
854192
252359
582913
146535
703592
719367
677418
800070
688860
909379
369481
968923
448777
403469
19214
46873
666238
306162
417030
898910
202548
843486
868227
766180
798503
37873
362531
665418
561443
658084
456939
943893
233901
591782
691572
939010
265949
588269
962270
303356
475258
372428
752309
339806
577195
44698
81299
824080
868535
515379
455348
28744
634898
237475
632647
586047
471582
416477
177143
98379
223578
106843
225054
13747
992313
525571
690215
796837
968824
598399
980963
239578
345902
232021
780345
342155
361330
307859
280498
357988
522196
603855
579117
714115
163666
158149
499958
799777
877374
333274
539563
346822
693228
565498
759043
920207
668021
488246
413341
87666
194530
501445
762276
165088
631090
573302
549796
136920
14976
964067
922643
855768
679870
962159
330400
937129
580485
634495
89271
716956
333898
980660
576501
142565
230812
913661
365965
760565
329875
790571
323959
866412
819137
109468
703769
34278
970982
753086
445179
376979
606473
276003
178208
45288
163613
135495
217190
294113
388658
94088
120675
377678
763364
865256
83857
123124
982192
226440
563480
136162
806256
532790
540974
655924
164900
780899
779341
369409
436484
997660
284868
367695
918359
871601
48644
552950
858617
762340
508366
442302
351284
780717
171612
544647
440007
743603
502335
470788
996529
892274
657521
164991
168265
193648
526705
184687
269083
394806
969428
699972
29031
301380
251777
809494
748419
731016
680383
176060
510851
438847
938802
753553
605791
910308
905917
214802
366826
108648
928215
383717
935541
94035
917615
638831
966812
395193
934583
581557
969200
313456
413870
771579
59284
126036
109221
622488
152155
786874
526479
549726
528601
9042
824630
675096
844875
65112
275504
150473
781228
727004
659284
879069
974167
153425
849862
824918
723611
343359
116987
527520
304653
833145
787429
24391
904725
401009
201919
353114
126650
637807
855927
708295
287925
780792
88664
297312
63844
326189
194713
930075
289583
726990
775919
428170
392638
238644
67575
412136
176088
444325
793244
864493
734781
623319
397964
841070
646162
324205
742154
662817
235844
875262
110617
41310
442007
167564
695974
628546
374370
644159
187318
18329
130680
737462
257329
923700
359961
935347
259568
101750
776188
596665
377788
161144
673315
653972
507262
64267
83144
463765
881099
398759
677213
523595
609962
144010
734419
255956
999621
76945
384647
948247
506179
356010
68093
577412
132956
478924
408793
180876
756106
342666
943092
659270
468468
735756
839240
111327
374526
283642
628275
660568
65289
746558
289860
93450
103168
62352
816294
799019
496549
639334
645952
493600
225564
969232
411451
996360
169024
558942
101740
61774
192511
711218
569840
595059
995020
636112
924057
801793
522519
392406
580441
231505
178252
965059
4003
748410
669174
432570
567398
135349
493626
297122
665618
946891
806118
98265
666614
965520
590251
943983
389050
974588
770420
435497
283857
790464
527687
76415
75462
544214
726363
913411
276936
973536
967303
203139
231882
84940
464235
15259
421112
533970
183852
119235
986410
710198
632492
345881
314760
19748
336719
24719
157713
649944
616707
564201
961391
50703
246000
831244
697422
50386
224996
594754
624502
468535
255480
898539
700057
25603
817171
124001
193321
464991
632715
572082
832306
983177
23628
345225
220368
150277
355889
929615
471977
539903
740050
280018
995851
770828
67720
86529
66660
793866
655285
774921
509272
188907
438652
258734
223125
325561
172267
448512
915211
296053
174706
536559
820686
63496
215696
447233
168121
748224
429788
984314
5256
68610
85168
857546
820057
782558
437925
247571
265549
367058
208793
17466
585614
903995
767775
323823
918838
192355
379832
772321
169961
914548
719990
532072
240927
385572
817697
927565
28703
98887
37341
3044
163456
246209
184700
765741
182393
376897
278260
204087
931409
826578
511206
515211
943892
887257
916302
111462
364626
518971
834409
84990
433360
775623
471233
647601
399405
797572
239710
213075
53509
926818
751859
912065
399703
146049
908752
414892
676864
2520
596346
552283
322212
526907
724415
763985
157124
424238
332753
343822
195529
230181
960654
588851
918312
875966
550589
679794
530902
576707
593808
627820
798259
491678
673692
205144
220473
745170
812094
48133
27067
139957
255341
273962
198690
942315
371251
5890
206551
121314
878446
256580
643533
242171
546854
100288
423260
153375
36834
978085
776421
682801
567617
158587
175520
734875
398032
731059
383137
628066
579016
277485
624058
851546
403653
372668
22857
977077
382878
942102
786109
515218
250374
989937
518317
535444
426113
345540
684508
812101
912667
496854
727402
750139
770541
739962
136131
976983
17869
313138
784904
53735
65834
764427
818136
507175
64821
966849
972927
263965
868849
215201
485811
483350
689243
61676
129398
841011
5193
651039
732455
73984
422161
554607
36353
317608
52643
558921
479539
665938
662114
700828
543175
886005
441066
545000
464523
185797
387541
340065
274646
951017
109805
161032
354034
954868
472670
422245
649688
439858
141007
528284
751732
855355
338371
800201
593880
797104
296173
878962
293035
676024
68865
353292
767305
887145
923246
499446
222958
252735
55856
448214
349026
476600
272843
330099
338708
422556
693533
591871
420460
575696
864771
653234
945248
869735
641098
886083
772125
680231
179764
883763
519902
657630
693842
555043
521761
874755
616411
466366
111193
612763
359495
383803
276490
832738
349531
278486
107421
755482
823476
379705
697711
980995
453812
740247
902137
656304
104814
348577
234613
483278
415278
40368
156468
937796
853967
363608
480702
241939
943232
501424
812396
138967
424377
297238
77416
816735
816587
128315
746417
812428
561573
685006
339940
16295
351034
810540
969618
34157
296735
195191
812504
930475
957307
481911
578061
471536
406109
889214
773951
340759
175811
780577
236464
777396
103263
275152
309092
771071
519204
397733
838511
356106
468149
880344
937328
922799
432033
355181
128754
482337
485057
698961
947244
875534
685333
909868
493877
343946
460981
406522
524380
228966
564125
647827
835235
827482
26568
675762
479082
311582
277047
600429
419910
768152
883755
276845
882326
688250
119882
892622
874128
945655
957346
899821
199639
461470
58547
515840
30748
323088
632193
798377
576705
280021
562133
307522
171614
898249
313331
421262
774986
543924
712886
114681
315929
64910
633301
171458
881647
26087
847555
420747
597410
566284
249081
313013
325315
18701
243316
422867
445820
963661
320462
831599
917673
156389
651537
661170
242597
40303
442339
747236
610615
268311
803905
821941
355628
713983
15341
976263
409665
967881
368021
263465
974845
841142
782362
344517
416602
201431
213315
146274
968137
761448
532980
764798
287676
646115
263199
788798
56210
553601
783405
909114
488572
672542
655654
14940
965345
751578
576522
929804
603225
569059
411992
811832
858638
705051
414765
913522
610812
862318
322309
574051
269131
858548
737936
788227
483750
862692
296213
574838
962350
971002
288806
345657
679239
13306
998661
75339
641139
700628
171182
890450
97850
227898
193316
659693
172250
39676
398355
781923
864927
165415
849595
966758
62013
799388
254195
795662
853998
308191
734638
978537
237528
717597
844879
799463
216162
785764
907704
420894
800141
789691
806109
711798
305362
117809
262044
633874
309596
108252
248862
90850
296698
437398
18099
476964
330082
837515
676131
988314
483406
299693
861881
448910
423528
945828
783766
894521
707858
881422
243731
222171
510806
972634
770451
700096
632908
232902
205139
218887
538153
416086
25005
604228
592145
257076
985127
688223
683929
293174
833623
810772
571075
258984
572740
984217
919963
46375
55322
670782
466013
234278
318448
388773
602077
249103
550791
653708
143388
546828
694846
876180
905976
496842
517978
159374
979460
283179
305779
673572
347552
461658
787199
718981
498852
365547
283104
335975
330742
334842
559174
575767
450093
455248
281552
325115
651449
785764
31365
984597
157294
784903
384723
757909
152610
124610
851087
824613
269327
320428
369010
73565
273377
572451
358341
280243
91371
72821
937305
857494
64444
414203
136945
413208
528367
954884
730623
955721
351948
338332
479454
421851
295951
309515
153318
315246
123923
451750
989547
263938
461639
123887
306353
693837
886186
299141
694946
105259
567502
987755
613131
496955
688595
713049
724620
748718
555321
54359
43680
520050
758008
474383
815913
797240
466172
618816
195513
301219
190833
572526
660436
808694
418624
441598
873299
122205
955948
320122
371942
112196
683199
613631
224494
435012
537852
699607
165083
272491
765494
584746
934383
636867
910257
96938
670871
412789
286309
958684
461517
668078
171946
12513
182804
736293
104377
795493
803331
865288
99561
430077
527059
622785
565764
456174
821752
866924
76095
271534
180803
619033
983712
474574
729897
138125
339211
768842
724582
490406
453715
547979
943518
859198
260104
643788
707935
255968
890802
500588
134613
504670
411496
702235
531762
790456
739508
992948
989686
429228
512426
821509
6673
143932
151728
825657
871409
172397
947871
337908
833428
203520
553616
917070
309991
995512
452831
525905
369769
701545
429951
422466
9338
372588
723351
201418
697330
860497
842827
6022
843143
770929
171070
478590
183012
157647
671271
977218
137307
77828
773233
362858
441087
790764
809382
859654
387662
456469
986693
172650
845482
431260
592783
973028
445732
247154
992305
747863
516104
762247
536676
777927
120322
769234
115185
25359
8722
116337
63504
58287
89007
524623
126692
840036
774848
251679
274212
497842
991128
355534
275560
744574
826217
934597
974314
844538
582710
567106
318489
231829
937882
533325
104453
650887
873725
889810
524581
990853
154598
269718
444877
528378
239442
427062
613365
730900
327091
124461
964217
960539
600136
410211
852771
667311
897974
646166
465186
981938
897199
666093
91251
978985
181472
75883
243293
449341
258761
191574
327339
419264
936795
265954
319401
206452
444207
125052
530314
790309
121918
845729
432915
175102
384511
706602
817218
175674
332658
966600
389633
293457
894099
526488
764335
666577
581401
744894
546762
265735
920008
476019
585339
814435
750455
213573
187319
288158
15359
335207
143674
195570
266939
192326
287132
272274
76749
858489
283319
283537
289279
990500
709862
599485
768923
552736
759964
290375
969786
268470
178958
109600
475131
81065
133700
760124
163484
700424
470182
851362
57870
371459
344693
476288
290220
305158
144306
104403
192262
60963
334913
679494
925312
441393
796830
319746
543072
864227
1833
682410
93355
500213
240025
919916
596451
819443
974115
716058
170492
269653
252338
349942
528745
135199
184671
244983
762379
795057
531199
376947
97280
538566
983050
48301
918213
313738
267438
398738
171782
607712
576997
79479
565621
503596
323062
440749
190180
561617
922102
489765
106885
852724
338826
595885
518786
374955
788810
228492
703850
430676
224018
893250
424404
887978
627690
318097
897087
721950
388120
969462
124715
789234
26682
242444
854226
468374
762450
460176
173305
963223
8156
884185
723113
659458
129666
729646
257020
715594
148970
100156
277291
908421
529938
412607
335829
815227
523315
333412
284518
456464
544851
255429
939218
125604
765987
626301
803424
959029
73578
912484
348129
837056
132810
21069
919077
25114
810574
678803
337777
957059
295330
612780
265154
204406
10031
621608
134205
767437
748439
453948
48553
746826
279548
210951
246230
415403
132498
101041
191736
995244
83974
343660
874471
669574
475600
840151
638692
714492
360063
604981
670432
142639
346957
532386
832412
8448
143605
718765
721170
959100
179025
579149
864840
731816
392890
399711
768848
929516
563816
723284
824746
464410
255852
240153
839521
781942
157938
274110
424600
183078
872967
839068
651796
896767
941275
872733
74443
740084
433951
112415
403530
292885
965815
98548
188924
136603
613532
611611
793545
321192
403976
58696
663070
366163
700050
720922
425349
635605
659889
599302
133050
295209
700358
804707
61166
532347
542451
930634
850065
646628
455485
731909
547101
674974
15558
267895
738700
656930
333736
717912
614056
555645
838784
555192
485465
388952
381391
92768
174075
782390
490859
462286
308926
999277
905881
430065
178033
427623
128678
622039
399732
483251
342310
452083
578198
224935
976151
511068
887025
550333
911400
264642
447907
359181
460056
466915
587107
318640
15436
768936
850689
959140
614182
82121
720932
459959
538486
547893
622441
172562
758369
618910
248884
275102
218175
131006
832795
880121
225679
147767
464477
934386
38498
304296
325604
687853
958763
828998
13017
779133
156653
51013
403534
826887
125622
128451
556939
147485
221572
783861
418012
984789
515256
786873
896457
661450
67846
761012
753327
894598
365369
46982
472281
291985
675927
965811
452486
715652
447086
983105
826645
805045
977985
274096
522442
854540
685772
775365
779482
383930
558531
433175
777614
895032
332392
423652
788541
321864
549879
233013
933155
732615
716448
706251
205381
683653
54755
262823
543225
842232
909369
153760
913616
746390
241833
815248
294524
847119
206366
431046
141415
846542
854708
825474
111696
202116
195068
798283
77205
984421
250800
214092
508690
856593
320899
256696
285681
166889
243880
640207
628982
220155
281988
575449
820625
5307
962434
465231
457617
618518
290496
643195
361722
528098
655759
678012
759277
697477
222625
491112
664470
515948
880693
638382
399162
909654
946139
893836
105429
922535
784092
758900
837229
301681
662120
670509
129489
104816
259656
663522
751395
308787
926733
680238
961489
654295
602417
937120
941587
159213
129182
34570
31442
594294
910196
311217
894063
792675
593589
234187
180765
588183
888548
18998
644217
905078
145420
777795
866361
589608
904192
96610
866124
845965
937155
288313
260026
58169
101664
607945
438367
615664
563263
354736
352599
462632
148897
126573
88228
135879
11154
97642
915425
298614
709643
321145
100105
300471
792604
932128
446094
258857
54163
159575
489082
52427
679282
124045
31143
511546
314316
72478
486828
878520
826337
513673
395238
265791
765140
397786
664583
664951
709619
215629
274594
933258
172292
566191
526746
815218
224940
194533
651766
231078
683130
780949
948632
895769
501920
363090
319597
513525
959001
395855
403259
845471
470258
252551
704072
468625
247241
801555
524546
961694
982933
365057
868931
70700
873624
393142
188122
458819
348642
33239
149354
341003
199503
110853
955952
384230
454903
984474
917675
35994
432558
120945
427303
72375
273611
835550
570992
856411
806101
435218
766089
119205
432418
428033
948730
150202
549074
655385
433450
67353
708173
255483
37576
368494
757370
572422
944419
606633
752753
230702
1947
726171
746829
51219
288873
114964
96977
694543
289977
617271
719236
487320
509446
791590
494871
877371
808251
340272
604882
135199
812928
467455
968452
990080
932878
599487
758720
776508
506656
416867
492234
743654
430175
66184
781868
521896
997741
140085
117081
374561
197163
6636
116203
21454
70486
138210
474578
187874
100208
614246
217003
996537
666146
159810
25970
220778
89581
218968
47076
799664
429223
262897
123819
876261
198369
989677
355548
659372
355771
306461
939871
280042
996072
93736
705443
373387
981740
162458
579233
673403
560402
532923
496421
476107
683154
22194
248811
370395
55189
35979
292540
325410
824980
660304
177068
679964
558008
455449
609582
128937
691816
414998
92487
721854
867992
90119
942517
661467
361085
945059
459763
249724
642520
234210
220870
312713
938182
532035
345578
435740
360846
40652
68237
148783
863092
810358
739899
67950
293415
478126
211940
870760
319265
328607
394139
765107
867514
760208
139762
910310
128080
271916
754064
623139
563089
129812
632954
414896
896017
8509
363224
173310
746954
293281
118166
544158
596699
862624
191777
654172
659285
115859
875685
324168
216250
661573
705899
377742
103230
413882
17344
287770
567963
156475
134630
404892
256584
808947
804689
266846
891040
374167
313798
835771
423943
645422
316463
996366
388238
322091
690803
768153
478374
915060
694205
640200
428512
238442
559388
379904
203582
981093
195721
955188
743305
756627
360107
651364
740691
649098
68433
572596
578917
936096
930083
959220
868205
793023
818062
795079
432426
100847
914716
145563
899342
312163
792853
382440
694913
822449
164380
694092
567867
668511
129510
30925
253311
186140
830738
330046
391727
633789
14236
638500
860942
686604
50155
701231
653174
161585
900770
992487
876890
714268
555789
794589
314748
492421
797002
216138
795619
613471
295301
396094
902404
698205
982764
167172
840794
720620
147718
211292
630224
877397
553591
993990
781044
623446
130835
229672
815571
123358
998743
224246
40465
121752
69645
538074
939214
205734
616491
85608
122925
15516
556648
66702
541854
628351
945651
240047
346785
898008
176463
685855
516656
356993
549588
750619
895444
589574
390057
662321
256799
46565
427371
893715
229140
711979
177970
731447
547727
39502
46491
379907
974745
173737
527299
944210
55689
755969
492542
652970
512819
13606
113775
8202
757331
351219
513483
199376
614974
132420
78140
57244
679500
676657
299567
219476
649662
932697
625138
656427
874115
648519
684769
586796
70757
780985
283744
377689
639834
101702
81503
753317
130859
509632
58916
465616
620437
86186
867661
146292
20044
882710
377963
953969
559261
349603
133464
646123
920800
65052
688736
90515
169667
441888
665364
934984
791201
653887
802207
81047
793446
476610
795199
862360
40894
759307
588594
973070
262247
88417
275021
486323
648276
952812
434045
965433
651487
537205
651519
118346
682258
642437
944001
552261
421913
226979
708665
524650
638335
578459
739691
687869
780866
131014
423194
418486
476177
745478
835850
593890
963474
744809
534750
515509
754781
854613
10543
920710
533417
224451
271020
718291
801251
13876
782160
722316
733566
310403
987895
446248
420551
925248
93915
107038
378715
485352
485667
733694
256130
133767
572847
486199
775786
569633
544517
481428
545109
436925
278139
58531
681304
618895
786004
166197
676737
551944
182680
540265
361607
556036
312003
387595
659139
534004
242164
179139
408153
443082
698529
863382
326902
240252
797580
775135
78480
678563
829068
871916
880836
342428
229846
771569
582757
692068
740575
684321
141296
5215
239419
477239
916541
900055
124967
229237
717715
367891
859046
133641
552292
785610
379947
89406
149581
393679
324472
850857
545309
969739
135221
942077
957827
484139
225719
401517
384222
52925
993636
724141
460680
495234
940684
484311
221801
823021
821492
128097
154304
437216
213149
346863
958766
149243
298279
516423
436069
192212
878896
592334
21460
511856
593284
979574
457135
41413
166464
584944
573638
653316
975017
56839
931008
658035
703202
116671
333305
278982
879122
589408
796072
492706
342615
900720
127456
84188
461405
281520
732603
154701
195587
16906
810704
639289
944858
808199
668578
475479
795960
649931
198237
825493
133024
727070
573619
430178
159990
333585
219183
581616
306762
26920
36725
988296
609608
442251
583374
695567
347474
877118
350940
266497
620974
855636
872682
254246
337065
29722
86949
64505
632690
563490
117507
151651
73376
370007
427587
979322
702131
474133
599643
747396
909593
311395
856557
813470
133698
843928
834697
366474
77056
87161
147198
919781
719405
554436
430364
835957
183168
504026
980906
458192
30070
929763
791303
665491
889565
391667
939884
279329
274463
908726
447005
795799
870409
807379
65156
295116
604146
164745
115968
63057
26691
36582
648349
748441
383293
200980
487656
656888
589611
567525
434498
751899
865690
539001
103127
885825
184611
512525
953207
829899
925168
866410
645887
506529
147346
398261
266768
968920
971095
412091
416440
721635
383857
854058
26372
857470
947151
877395
757163
705989
849448
489851
361357
580309
359460
967331
718551
182202
284230
174405
791456
20739
609269
937948
313550
133792
188030
999604
48312
620291
515672
604401
293588
217843
143338
448038
420059
946897
805549
938735
498111
818977
502198
668840
991548
730610
520663
727292
478806
972575
141403
310648
942870
640253
746034
754685
280395
577580
460118
60765
890062
94818
798991
634591
971772
417812
44995
896055
104481
830251
34969
717229
764428
515642
460087
63784
331071
775222
723909
469167
329520
252992
432354
979567
840820
28780
30286
343186
230619
512006
298261
554793
298970
378252
990065
434271
226053
811376
952950
947326
8109
847555
519567
152328
562972
44195
700713
366972
94019
224047
914005
733083
284621
959323
343938
361183
242256
376348
997619
655671
3027
970656
567457
956612
664662
446028
72624
938744
551172
227315
176173
138618
77587
672853
80843
846508
421923
132636
26106
413512
607394
696251
939723
751900
925383
661012
552426
617242
703815
664966
843522
776216
552000
888983
642821
709475
338073
382312
430837
352784
115681
130624
230474
23414
990170
16264
111217
46879
869332
947159
388198
329429
188581
611583
516475
804881
934646
86869
893705
114507
655578
755450
996402
302745
68620
103722
205759
679714
432754
268581
313944
217191
1231
1818
541904
14342
713808
720573
211508
52560
321820
757592
280700
918054
495473
901216
317901
622137
166173
982886
224877
511341
572488
118772
944526
404798
761949
309346
356546
99761
848826
341737
679795
776135
227020
298266
591559
338902
414895
752350
332327
547836
883437
809860
697384
784683
349258
238127
696356
339864
749179
802086
977274
207565
743427
711948
816858
57081
800467
471544
543311
499450
19592
921747
917285
145274
59387
497557
1796
608460
213669
587599
919366
361105
554679
905484
156772
699524
529859
287004
532303
506347
728008
726409
900869
657600
137942
498452
217806
948802
913665
197740
807430
125607
880806
608820
947711
780660
106575
722893
63846
500533
287269
491940
562599
149601
351655
188113
293233
698925
44030
473689
712622
638762
736967
520618
500097
46888
870632
113169
815877
568780
153792
564635
845326
349918
562599
250107
205021
748420
698642
450522
206843
54350
820452
195325
649394
509891
835420
637081
514478
424882
366110
774144
737809
830743
210321
718246
661084
831593
763190
171865
186238
966344
317766
902781
386667
565073
304057
175946
994980
295225
52532
799195
908254
79698
303962
461279
521519
14170
551454
768002
225477
202825
151432
22957
958100
910742
627435
639571
970285
641592
504102
725205
407177
688006
529227
38197
388983
69199
90464
205622
733235
219529
722299
901655
545715
179043
680554
50677
636067
672320
879304
40392
118762
357696
922391
241374
938485
651165
293083
741621
224515
46733
906004
357289
910483
389919
480765
490998
548683
438573
513191
922669
562288
543605
834488
858162
690274
882944
838680
580051
230276
319762
792381
472324
31156
268291
227161
484863
452637
528289
152907
800212
632407
686390
760688
428728
85717
626117
836288
131073
628470
888611
352250
719701
847379
986349
608678
772043
341044
398732
953829
774429
990266
431085
27910
962113
866894
659900
771077
710212
605746
532963
144033
424017
207253
262285
791773
964245
138402
312532
293551
790781
101181
123143
381497
112774
51272
736870
663172
367278
601253
472485
177518
614701
223672
859453
167040
817033
87157
635221
20669
162154
586259
532089
580842
400663
851273
894602
205026
684813
702111
366799
806851
334687
610016
171968
896494
825277
487944
28864
605851
688114
295715
864276
173948
879525
36193
1803
125107
989069
266013
943551
780352
779527
546524
680881
75902
374868
631275
341373
336345
684317
704467
23833
469860
686325
745181
716690
465033
141355
455189
15765
410178
380714
29687
936706
4309
581753
12038
889809
552061
517690
212756
988268
241773
120963
112341
385913
496052
358596
745727
581156
897392
250758
987044
327198
558631
311991
636937
404837
400305
28869
246120
446677
76364
56834
189155
856714
858746
799400
898287
706646
643035
679665
160664
72585
5815
310110
21426
318938
453641
573257
683237
258984
318886
331973
179178
296248
234753
661574
865053
652257
456734
531880
539578
643093
77686
239529
382508
910674
135978
401133
793149
229517
859085
345903
522152
383593
577253
500381
390767
981498
832931
123929
72433
495603
691554
145903
325684
269054
408658
66410
184669
433798
248467
932663
669457
276388
91965
390899
823625
432767
370575
166300
338136
697976
58077
45326
710337
214578
832075
359241
112902
320310
851645
5612
723259
559983
804730
435381
768475
921112
263095
594171
568560
562273
890513
183264
272921
446100
518194
521857
156372
846643
507891
799485
414135
608020
535735
235775
527009
925625
957451
72021
881094
893433
157683
941520
359666
905120
782623
867453
782097
459831
936751
360787
65812
955699
362545
106572
817538
558984
278330
883934
220500
320350
26655
339600
841392
931975
476842
281945
617006
142501
364360
365264
343411
87217
460984
553396
543717
67113
818228
77235
463154
494803
868030
799397
976898
392820
95359
866938
507312
508856
404238
243111
258952
534563
409211
463497
583398
264149
316597
640350
488997
693819
72878
49598
885719
884038
200550
363864
291098
927521
504904
856295
373660
83853
298995
386330
845167
256916
279981
210313
67633
657214
909791
235687
66570
64076
459426
184128
954685
392280
512135
751327
602669
786481
70114
582152
543578
680802
746626
130809
878030
839008
265601
985572
438279
454873
439457
324121
764733
767883
399442
973922
909119
114638
448126
306172
580222
872588
968244
443217
332525
794756
224193
138057
22327
919411
140811
148490
543042
658248
638033
13788
339592
114262
379749
212821
595479
903435
791223
681555
504775
202608
483198
365473
170372
822978
254061
727221
410320
420766
226900
98482
872537
563617
408938
212635
136887
35555
670597
764083
970366
201014
354663
72478
159450
378200
107794
874594
702597
366183
132506
490744
950240
603612
584214
511891
139645
938314
871659
201587
813753
887586
887793
805374
728201
253345
819956
289155
946291
412178
921896
895314
70626
868497
125124
597146
650988
283451
413406
662747
194797
170016
662484
301233
358955
475981
978700
777585
555403
14707
166960
546116
608223
4959
673011
293354
274277
155429
420385
303837
414319
789430
282493
100006
675234
416492
269543
771157
529852
89125
783324
35485
997952
457035
806018
691143
935144
972578
588508
352249
285799
488724
125859
957765
527992
5641
430513
536700
834127
498709
705215
742179
387806
237198
986753
187494
258368
369602
577530
165512
177892
602855
644874
772933
195412
785292
178527
235335
219347
67536
126176
608191
887056
964747
937145
361658
521027
184415
37969
319846
410952
75513
433738
273146
582270
260242
809504
398214
122305
644448
221290
565417
98520
986131
881133
177237
948700
405304
211018
430618
794756
218032
462643
727196
540753
801065
860696
341169
487560
572566
654256
697250
922926
793559
272160
590386
133945
641604
232570
102833
211658
723641
703899
628881
63465
922906
943752
417204
172091
712352
935273
77977
809945
14337
717601
96918
870014
496741
380831
150037
960048
225626
818609
847794
442245
653652
846363
960474
218219
524310
583958
520910
56527
880550
342733
877347
450941
651488
63439
517464
461121
374570
429192
621838
818015
318161
572524
976803
134611
379270
144815
306515
224539
624409
897427
823719
938068
653157
704828
978198
234481
231342
649711
959082
344545
954841
788050
518357
275215
359713
58090
492170
774982
636802
422293
946364
432141
389263
306336
933546
304967
93010
186523
269544
383454
689322
378743
694085
23386
115248
691711
28866
57368
323898
258407
68785
621841
178803
76734
600244
407588
443396
238588
123227
372835
300254
561366
128782
297526
500351
53744
546077
515069
388397
935262
696965
859758
907961
514336
582767
205775
943951
230075
957650
854427
397931
338318
623509
622900
554456
721194
998856
488779
128067
912245
883049
504029
877909
836285
649738
879763
540265
786229
880079
394284
711941
509741
785761
842557
75983
809514
100981
142069
304953
15287
445957
970174
118970
947228
315580
729340
281434
333415
736312
32715
953987
983908
501853
352216
425748
665978
560690
569599
105435
515684
232036
778084
97005
797210
194325
174084
151264
860545
674338
396937
232206
618554
594835
376571
995221
774905
72473
57582
735655
284167
131794
221723
624447
154725
679481
733388
549726
144550
108323
604113
579627
220720
642814
297674
855364
817743
46764
178103
721339
39745
264436
205363
660303
500635
215408
189893
388950
618227
392662
675438
498772
897379
284357
893141
717342
218556
441753
47805
88549
947562
316004
304289
701962
995617
680774
348533
569542
873686
519236
929712
584118
528224
984977
739032
382639
935691
326346
754019
266148
328969
200992
447599
938402
679651
387788
217319
760033
956050
641354
985839
972225
398470
22266
129006
123224
921940
994413
937850
885938
984257
508311
466558
941887
196291
112418
376628
435352
345307
358358
790115
184477
734241
723591
10030
839136
84944
377480
567042
167490
126372
103247
487723
756393
195216
876317
45430
450446
162808
134538
910880
608724
105300
881373
441452
708590
831503
991155
478031
407049
542659
565727
112731
19494
29585
882311
373275
584336
314404
409348
78345
543709
56594
914623
457200
332437
296980
790589
715811
279777
779814
145973
56193
594533
634204
809042
716398
430392
214391
333230
162427
174304
386845
144865
412305
929165
144734
708694
654660
388710
651364
670773
402742
846421
328731
359379
729087
313384
471084
350314
684
717630
772614
428792
589839
947922
699967
679639
398021
319521
541820
412585
590319
562950
347362
559911
604064
56646
582011
277478
439413
81661
831485
23575
150864
915073
64444
997128
790740
595576
53
680129
278487
890113
841159
369094
518416
17615
738426
95672
814402
901396
698021
653829
249444
435143
478754
575352
243343
471360
227406
659630
270681
941433
948060
979018
527495
862095
307393
386742
757426
596130
48832
267720
81570
940739
370591
239293
381041
693539
852636
452360
933327
775033
873273
115548
744605
702207
305403
495674
507304
848348
634288
394910
768459
80022
392480
504852
658021
827446
3248
954419
101599
666176
192166
244486
548625
16421
138792
867954
870231
504625
458410
598186
721934
986730
30242
368144
591395
763270
116483
112054
243062
385900
279790
983966
877422
878879
329843
164376
106282
596444
77356
506294
636089
179875
602123
623246
193509
741741
246590
579155
831691
17401
715016
77481
947766
517040
717976
266205
513840
869667
171067
856072
582215
461468
293840
899964
743665
975391
209732
87544
83830
580875
110066
885570
251192
799224
395785
992967
490486
681511
770624
901375
143007
35364
241021
455038
921237
381017
733555
115403
745941
915135
313394
660463
621786
525867
160854
619743
720350
300140
812141
274088
850595
663384
109708
274183
905666
414633
643093
170533
775862
291604
638860
545924
971241
99131
615305
222761
679501
841751
131404
733928
837126
151789
498292
26893
671567
735747
894081
174507
2256
664949
328562
728690
806959
405147
883226
639004
371634
261294
534839
309533
966038
858074
228768
154895
909440
787375
163221
788341
111723
237180
80251
908448
461605
331868
726748
800771
567871
824352
182606
720047
389237
401707
978227
928168
777229
116823
504475
822564
233397
711319
210830
966096
591965
924553
188152
318649
492047
318537
527913
45968
525762
920183
67751
744608
731634
775281
891650
153096
553686
710562
11010
626490
678590
551970
659503
120702
984525
292792
380167
778314
640145
241674
748195
621742
650000
707934
978637
362838
589215
953326
526798
29067
156257
811955
952762
412054
514685
862913
33673
269320
225243
346209
251689
587584
186321
107355
136446
957095
217068
908668
413477
450418
312587
77881
809851
163273
769176
2328
641816
404947
180036
697994
793191
145074
114125
68664
365276
783987
254518
455730
507324
245262
44984
301682
729818
249513
897325
800702
260517
954055
685878
82095
765302
798077
303471
13507
453135
819695
194875
71312
288047
180384
4667
808396
703096
492239
277451
361391
954013
471255
796167
739659
557147
690040
920938
589811
260988
859242
744470
948027
727439
289516
73876
596830
713179
464378
12023
905436
598575
56167
88907
28445
807909
138080
595371
594828
87154
758454
623807
269345
981660
750970
714826
996239
804079
536037
352503
228027
161485
432397
516584
841251
869230
429988
276394
790099
107859
589683
952291
344918
658834
924984
645994
206080
306317
305641
186452
27651
227739
202127
503951
286366
767776
889660
648642
799076
141969
555902
642639
38812
731232
940669
895351
191714
981372
89935
333087
303239
927538
269544
775385
4401
827800
373593
526666
12446
759289
424018
3112
643693
641215
215074
356954
940705
479351
360949
135417
136054
544245
86577
676454
188423
209385
18758
121114
124464
685155
23194
51261
195618
429740
157149
45638
160147
529837
9633
106553
777019
393372
851714
429202
253433
145354
967447
366724
528088
769017
457774
453215
957347
280742
460359
766216
963903
702590
690839
787586
223337
825162
146410
820594
921842
400861
710304
270660
890625
529186
823020
42096
84167
287723
738517
553884
948963
711902
634694
559931
958060
760922
799124
964874
649199
44689
642992
62753
288365
585887
616571
265457
126810
401919
494519
119272
672238
3367
582940
685309
450686
199532
365047
652651
95081
698846
968774
597198
912740
604305
706549
845351
213607
884252
231320
466424
933497
489844
578791
33269
474569
876279
356624
254923
174636
39701
508249
211533
576620
720650
661157
289560
321523
453721
884524
619013
357988
607986
374184
714537
527107
300592
878057
494607
924069
54419
623821
39417
693112
677794
742796
505564
716769
78953
157747
967108
605266
489489
153657
536608
271334
899538
243793
640282
436407
833631
920954
498332
606640
991179
716131
680027
284609
701414
22620
564315
551321
701896
59558
907152
223033
935405
399955
778660
820848
6160
757363
434398
804045
667088
373703
289079
329591
390461
867532
896929
82208
260207
854725
555446
47093
311960
937548
948814
999076
123235
747089
759648
689245
148714
919812
794820
407274
622434
71346
299834
672732
68746
707697
449682
102195
726399
371844
690634
55070
785276
276534
621125
976698
943644
914353
410620
632756
736722
184304
598252
817500
576689
28874
239288
976483
832614
363605
293541
321569
309289
707422
408056
945087
540345
719434
634497
626579
667850
227667
453233
138816
752747
36606
830164
21627
953732
140736
3678
827730
572740
96133
648011
532684
830079
435093
861805
122462
878854
701639
728322
761842
864954
68293
643835
542293
294225
524908
136079
700236
981977
344553
933681
679409
971682
293898
804414
231594
950355
808458
374562
358427
428840
867087
259071
696677
758050
423750
373422
546712
519674
164755
29906
198464
955063
811032
125469
283704
512793
760823
453322
293716
828171
229368
479606
66415
161719
178129
148626
338687
574146
804109
760280
453466
598735
575525
311644
34991
475400
226942
37203
131459
861416
566930
110542
656284
450140
784023
491702
325186
869752
370507
891644
27179
248571
104191
466842
227123
711784
350352
607149
572911
997300
461646
508266
71854
167009
283626
861984
661593
756059
816105
203637
587499
499300
362801
243649
20452
243980
28331
910792
818939
684917
25694
146755
223283
917120
850066
528218
736563
406189
195240
133054
118395
134541
354779
306153
619446
337765
406444
978113
594687
237223
449278
322631
933354
479858
599723
947394
268011
982203
986106
655974
311600
551689
67838
517336
510853
923775
782793
473756
290798
748394
157913
711162
745379
14245
546396
227939
653692
485920
850484
454455
73270
908641
300412
896910
587712
111020
264355
872174
125279
200951
416021
747343
380620
937181
468961
246622
479331
93874
760745
402276
43508
382426
725288
434979
117987
809723
795009
96570
76652
431168
421816
905365
174473
387057
670703
876827
575145
119866
523782
192001
651009
375751
515738
160130
8937
255003
312029
492890
884006
342658
124718
504400
305845
111952
551969
337537
277774
30658
218241
662925
316311
434583
3715
737579
231684
475815
281955
996567
345110
658020
361166
999800
245330
380524
751405
99397
197914
910704
290858
428856
902026
564948
969812
56971
109575
17007
230656
476140
803061
374694
913337
101209
996157
417898
3839
501558
553446
509613
151980
551773
704226
654713
105923
206607
584471
856765
894188
841127
318570
819866
729560
969978
939191
559987
249345
108875
133503
168383
207101
771019
144049
739189
34710
320748
593055
905424
570931
121744
943147
984418
552022
118567
361844
17495
358443
444676
981265
992861
763830
639730
701087
898861
621507
631663
487528
491421
210791
358265
493172
439669
339577
97893
633711
893122
828519
594197
583388
188630
81057
505724
519480
972536
546221
713981
588885
180605
809329
474494
671433
213580
179244
201946
962600
28257
187839
15380
533645
382456
663765
721198
893852
916950
602899
134433
674471
309148
124274
2147
577496
213388
393374
32294
337692
822834
613101
897795
489970
501000
453175
595695
525653
279711
616135
227160
573264
988885
455492
423684
17872
146159
580017
91677
646801
406160
436956
460633
600660
655824
783477
194146
942380
689858
375429
418436
311610
646129
849091
315780
388821
2035
696873
561893
687405
297857
71656
514123
160613
870561
354767
104140
844175
650914
525480
793091
48817
538097
239788
413093
716752
449978
605291
966118
412696
925044
197988
465196
936451
85718
254079
184349
826955
964803
862450
499406
636602
140391
636094
134078
52184
453467
836425
622160
940856
321046
424333
221077
625063
971088
505190
193201
11389
369240
189242
154195
190033
877997
899399
182472
312413
873081
598995
216610
675647
867132
584438
329901
179001
775562
271584
170293
556440
62178
508312
862737
872037
772586
155099
177768
735178
191312
104843
729222
47178
724731
254951
344951
30463
937681
719485
792703
969043
668724
375430
489831
861184
170235
601775
196931
861394
7761
297863
523997
481959
392359
291520
161097
499919
984208
478783
397471
42668
410778
214988
792300
526276
593906
918900
902046
820376
923488
702966
113474
990393
688193
327279
754307
203396
453017
444237
396393
312579
127942
85042
286728
394914
810113
596075
62245
197825
503306
799028
763725
347577
62968
387614
866359
31750
113550
428224
809270
140606
808415
72419
819016
940952
613231
64419
683634
867469
394042
513399
310878
10116
974199
453424
179082
114832
623978
516161
209428
114026
187242
254312
717792
282442
396120
266194
271913
444725
432937
851539
830004
318818
664895
870758
80619
92363
288104
258422
566392
929036
101150
58133
847937
972864
902500
280342
555874
948628
829590
544868
861497
986347
979740
642171
358530
371526
664183
445942
43780
537308
827140
226800
483073
470198
333285
373257
85951
450915
701071
920290
939232
552556
288737
544630
882252
879295
167578
814032
477696
162933
827000
308476
539179
7551
222440
675456
733690
953335
415419
978603
62710
241297
470499
666190
335018
26407
313009
769096
937278
85826
751019
260233
661365
282969
802685
920961
201708
111591
213975
194542
348893
194690
610644
820274
300252
241512
1611
70621
822610
466415
378666
21781
940907
92670
370247
918040
108767
252830
376360
612444
428600
258300
299252
629466
930469
950633
992952
276159
457377
225528
377246
681660
621935
100040
931970
753901
143632
90159
30016
968040
710318
598429
447251
132785
161469
351850
960288
885779
108717
254093
404952
543068
201681
851363
6434
44047
739989
689545
433818
393845
617403
346131
495317
89889
68202
741485
934727
236226
42357
311212
563931
184358
453042
798518
260570
707021
971725
299762
855135
603918
462215
967873
948837
776479
780998
600491
454689
790741
277850
568839
491787
700375
424800
989118
929998
930441
115169
213335
762900
659755
105489
86689
855333
796873
135124
652943
883312
60903
530485
209663
264003
171065
677453
646979
8272
863602
987584
625008
54862
614918
766578
337569
241144
107523
359150
808124
498660
760266
750008
5431
641310
14573
368910
642203
639223
559946
617343
624005
82347
659303
809193
494752
565060
139967
17765
329728
538143
219983
231787
760272
238928
990479
244824
782770
227166
249692
602212
767703
816055
238118
489580
405160
928867
239811
715037
917036
156130
653445
476639
652247
701268
987533
746987
531573
539829
864590
192334
798584
175050
924529
184930
190639
437564
971816
790293
200805
577001
615662
507431
242116
546304
387638
916852
637737
644480
94651
421428
784993
209749
263222
637254
121944
632592
567846
159663
659182
767752
304224
863298
527093
687040
287769
329877
883209
342873
127805
684082
481987
958184
74863
73361
539895
65039
567486
283702
244780
965622
48861
838311
326038
759749
493617
193265
689863
887611
620487
902550
854111
680907
784624
469270
115095
646001
689660
890512
322354
956268
57823
16423
308489
884829
298182
920988
354190
31691
648492
680145
201159
199550
692856
695005
648716
549735
111997
922535
477314
263904
869260
787289
581101
778883
216177
865261
712215
822719
186913
640113
45029
921512
989804
233837
965526
871462
573304
274963
638903
371951
897840
269958
270133
727186
167294
535258
763350
270361
625323
992065
125476
110507
991632
752513
319628
503812
269108
279008
929634
804574
389855
88643
476858
642905
960324
127681
265832
934518
514577
448741
410595
170376
70289
92710
96761
419650
112208
781483
6024
757602
188751
354751
214010
690730
213371
788443
266198
275553
5708
83710
740149
335910
108823
548938
569010
688645
76714
764120
87404
941495
167415
333621
976177
973149
206418
932203
539598
27453
635659
927904
513339
726189
846261
337553
542945
642646
547709
115385
712433
187035
469601
887170
866505
881052
270089
581812
735846
979326
361208
855488
24533
307759
7231
391701
86385
1009
637907
751316
740671
42338
801928
362610
247963
538188
603323
921062
777853
37220
179041
116131
598934
859759
732039
437345
158016
909980
601312
320057
593358
261609
677123
73067
652124
541008
332897
652733
515033
772321
699848
193258
433741
531791
139239
318512
74954
506743
831588
210483
958304
534101
491155
522270
744924
959451
895227
844297
455461
406659
586528
171355
998381
367036
237062
801264
903282
133396
554742
214885
564048
636312
650085
649223
990839
446196
667006
453208
388862
234975
505614
598012
369595
135076
239987
354404
253677
871876
552680
618555
444263
100031
190666
400100
888591
756007
193162
833204
60191
301305
877075
749412
994288
716462
295590
392454
707084
898648
942621
557752
791619
490037
771620
116634
277774
35170
370921
116272
593721
38803
206615
25883
995955
917656
853597
88115
423282
846915
809362
507717
858270
72780
875242
509229
882139
764050
825868
278716
823793
917432
627768
894335
321208
112319
348277
485315
27929
71409
980602
742774
855832
454132
142368
258450
497916
162010
253714
974289
924925
630431
715704
787743
203610
222618
467216
341396
901894
421855
353388
513168
789856
171145
74267
662863
731111
459822
259522
345606
5771
269235
923296
801912
685799
820173
259849
922415
671402
909445
341047
673108
121507
68950
744673
780133
3696
555116
779715
203502
533914
398015
661055
983648
261403
166484
429453
96450
320537
887673
399413
189651
962494
986584
561774
450626
392977
864084
362021
341906
377844
131800
139901
772100
189653
781191
849556
196866
611401
34466
408853
683963
698569
50042
656707
660362
339751
418685
761082
685815
815441
762810
429005
479603
202913
155610
162725
644544
734619
314463
400414
179416
913437
40671
821032
308184
98530
511956
604843
257663
382276
262819
575320
26220
315962
878994
34642
561978
547629
94621
701776
32579
800311
513815
505268
458447
136887
122076
436708
101635
875991
38097
177675
872600
292009
154332
543354
122926
754529
887041
788654
534016
845105
805997
674100
156847
291432
433803
644184
788125
43689
628553
112987
831477
200744
215903
342023
152226
694026
582393
722629
519768
26265
836869
7137
387480
16168
587322
565174
596698
446730
953307
547198
234614
985752
866864
718710
217563
426839
125755
65270
118306
575290
810542
268504
481472
316804
211075
102926
63674
101669
118320
316748
548178
250194
404818
829434
788052
836733
62679
124959
261745
93151
3906
641262
432185
144288
806349
179978
101150
757632
453134
891074
677207
669573
847514
57486
825777
907154
263416
626467
57258
526156
829319
446225
12842
955571
945357
286134
122310
441
146834
591636
794164
787771
188661
274736
731737
25394
12136
719352
491283
815698
136016
217665
166419
562811
896981
707024
520777
823981
749560
483009
935627
77371
562563
387191
895750
556471
948652
250414
124662
485947
207161
384423
884779
148344
409607
5163
880206
322054
614995
316733
906256
317987
661221
840689
162563
368044
573419
524241
533869
698690
384304
363859
207459
676573
240608
227350
568098
812261
629143
314758
234764
728091
592186
162190
488928
964985
1685
236326
817515
452517
552783
292848
246624
780926
737424
659089
981825
980989
927305
157913
270197
178387
981382
302365
546724
287504
786713
773115
777373
342412
523241
735690
432751
330456
534445
782351
955161
649543
698591
792859
669037
910551
482095
726152
346745
560610
160417
785850
610891
224242
396804
879636
828297
213141
749392
227050
443349
10780
147821
101275
888356
817074
747165
335541
390884
266203
276008
529290
532829
985755
383785
76898
179457
728978
37569
764256
30233
818774
588533
865783
204294
729747
232119
384508
884654
894025
622884
346770
545287
541565
915196
255193
878018
323443
414942
861239
441596
67191
916649
112314
758599
680176
126653
306760
88054
556479
938852
329892
169311
914546
728221
100330
648167
59563
892492
611355
707156
341944
128599
867913
191999
490522
42711
585532
584338
407903
716563
300141
861944
501372
484680
933140
221860
213899
3828
337645
945378
847694
445222
721408
248076
721988
429781
479411
690397
564893
915866
82479
797460
147238
286868
543620
639335
68048
162802
235518
709012
293955
156297
652885
974475
238473
730440
122917
209041
495045
205665
564386
871339
666595
657860
607792
929669
373404
193252
720297
137190
483415
761196
262945
662260
860071
48164
555041
475824
631791
69
270729
74081
775924
451154
663285
564486
3956
142435
848767
726837
812049
927873
406212
754699
603142
169788
918232
127349
928447
584462
413509
616044
774876
123427
439395
213471
31597
764817
224626
730373
597448
382539
953420
632456
288444
589516
5247
113702
721263
686139
389873
404336
587711
548303
873558
393970
303224
563455
126200
79476
468990
61225
875762
405118
194979
221118
618392
297304
305910
197875
61439
171367
212838
350583
661374
732353
651732
549910
426720
350354
142337
765455
483088
774059
434040
588895
716895
79726
111873
255983
428073
928395
119792
709707
209926
829024
107546
556727
944299
852260
62778
559130
638511
297180
695270
863487
951288
135637
992636
179951
350682
615666
466428
906821
438073
431900
7875
962774
657595
118309
329768
192069
316287
303238
494938
390931
72026
721006
534964
649553
136687
196027
111150
88293
802221
518089
232177
603686
266692
290066
341470
735431
433151
546744
447179
665982
521981
575976
167287
6512
200833
796948
583015
884542
47012
406617
70060
797459
645272
451544
946911
241332
447275
941276
933451
665337
713705
29597
345041
378645
790391
355445
404625
579572
578231
575874
487993
257416
113653
424380
928762
797539
530509
290288
806210
302580
502372
105233
980344
920210
321119
23348
287366
474489
636400
40378
980658
957980
222305
877159
116595
620406
941449
483688
12966
542428
910191
746231
225682
406412
127360
11848
725170
256712
986210
8317
338783
107575
947186
524391
744315
425450
587362
732768
739896
543051
469019
459009
518155
604337
71039
712319
781309
482784
16696
852782
746005
440447
202566
343984
102400
923811
206067
865319
464504
536044
622199
885705
634624
736665
180243
646417
413402
441929
623253
897612
731227
316209
230245
978680
522368
930725
434110
740245
179157
36222
476769
954661
231862
256191
264304
846817
425847
503397
184238
58415
889417
191581
348441
112546
84987
833913
580110
412982
647285
258178
101662
151357
673097
434541
760410
628156
128187
704618
286442
358682
572660
60301
376689
636982
623001
478211
782932
688849
417768
241952
320157
144817
737523
641444
153650
806508
454681
529150
545471
831340
215030
429960
698260
803784
942389
378892
509658
243794
127163
422770
105249
988300
327218
933910
440957
398813
747750
101075
124755
341965
750725
381953
797801
470556
202490
409024
910376
126391
431538
64464
829995
584458
421991
797881
807735
768005
599543
11906
112079
658781
16486
634483
403636
594454
954720
123067
283197
440221
437603
785553
592094
213553
73150
776945
998224
365199
195911
651330
262123
327085
789162
268361
271737
645065
962509
915154
967044
553904
345256
92217
979362
21281
98753
800039
596226
400350
20429
766399
270316
965772
530301
678967
637546
860643
22683
579553
40482
711955
909959
472499
92490
255943
662960
377562
417070
393601
698380
385517
485686
827982
215453
261299
413984
741485
132507
184282
696828
291619
413164
858281
531207
241932
48698
395683
535283
20454
227788
652160
92094
396676
180817
522457
76354
790553
439457
706478
539150
740074
863113
611317
783021
39606
514550
2962
741936
567569
33563
285362
348127
412289
478743
529623
609972
908379
55403
657771
9373
957355
797655
200235
949023
135767
152895
380739
813078
717920
758891
664320
550904
749824
191961
451738
932605
613669
486991
75522
964971
290562
127114
298633
683411
452174
516726
926322
263687
43219
683206
95815
319141
626218
800375
128327
385196
183010
743827
225467
41751
555050
131083
619885
312565
273190
477742
291193
913568
209655
227070
916606
432390
578114
450615
115703
520324
125661
140426
185367
904690
482105
841289
709880
301560
152189
229405
618700
771552
415279
410246
287479
438456
810948
664598
113981
833721
79086
52434
17868
69015
547102
327028
520631
32354
437173
607456
358650
386656
341910
205
8598
187405
891272
97209
490640
870666
126861
958310
432643
464624
297179
714347
589620
495582
190017
409182
919521
869908
992485
694555
412430
271466
297489
763446
288929
402733
805569
671408
949384
878162
566454
370060
334125
239695
94464
234673
700653
474014
220851
183783
434416
464651
224575
191222
471184
983150
236860
811480
449268
413726
535804
462324
446880
295317
542507
521897
352535
661480
772502
641855
714173
848407
874208
97472
605399
38750
153780
987084
315803
6157
612788
856955
837872
843216
747040
16987
397517
492180
922495
784037
11235
580492
574198
952602
993568
896346
298757
459901
867620
156542
927940
949804
523317
930656
193887
416557
137946
431496
704423
446880
126891
679163
734704
602980
675718
440426
169200
977679
554773
560092
671976
887578
411741
388421
464764
485616
444369
98235
608839
908149
783598
735300
340922
514682
465990
891778
243823
124480
83750
299552
43347
650639
1383
350158
833832
628899
991445
331614
30993
238943
729829
878130
333411
126574
406131
933339
209645
715461
740005
186135
698858
510009
583870
33536
666760
851907
560224
318193
659198
621163
493293
368702
471823
839982
805317
805905
850809
119791
253908
563578
966826
416499
975350
80822
588400
858082
497141
457928
113044
166386
309534
907259
702325
799318
499241
283940
883161
731246
498065
133846
810675
312268
975258
162906
391902
898243
485364
504409
114291
623205
494563
660345
443647
447382
560022
617470
303865
313874
580926
815501
442139
194863
419983
378501
450479
16450
693979
144141
155244
885951
925869
450216
814438
875466
453884
602843
656789
462928
811047
273555
351964
921869
667361
398473
877914
761975
703927
205673
325301
235839
940746
828309
591918
877432
436150
201095
828999
662670
924544
44273
329466
272677
759767
248348
233639
889976
523971
748984
675118
213958
277116
466782
517972
894680
731298
351882
631480
256819
599085
366881
211421
124677
88300
40380
253899
324332
490555
282297
201136
292767
170957
554067
556459
382180
36280
392929
971252
329404
903554
189193
769142
837680
666074
75783
936742
865984
955622
706213
386376
568195
215148
543976
410211
601861
952724
364886
88777
918911
63548
864106
397242
45967
740845
269484
542765
100801
798092
478378
854332
417845
484222
570865
286821
166676
770870
300236
263223
943124
947696
842722
398507
146506
390253
300890
376396
384894
917243
126047
402964
982816
973572
259009
770712
415129
346123
718870
931485
622727
514980
6987
409677
349275
479101
777588
967820
995341
777736
74569
759528
842281
903513
191704
130245
631421
707025
104249
130305
375833
203479
995559
329040
366968
277588
792760
820324
754223
652346
788646
311831
913033
539895
399078
330904
370228
168485
250347
63410
71248
809193
51755
387979
702589
580875
855450
761942
27813
653741
187055
758149
363109
103414
323563
10111
468315
581651
454197
878995
24084
800710
168531
357582
221506
100209
335195
136923
725742
743136
953246
710284
762292
127200
544140
220563
388537
495226
500730
82335
182474
570653
994393
353698
836618
559010
364132
288069
172370
261640
752074
368938
276459
402710
316289
594449
147253
324111
930336
521825
968599
745225
483773
58265
899617
496469
921299
664795
780643
838133
20815
257865
61609
881461
711171
901371
416095
589487
895301
395766
221523
94154
278945
123221
376319
507462
442020
296350
754086
802157
240200
896168
131840
606941
827589
651937
296324
207933
964922
5981
554420
618434
467021
980903
329117
109946
371892
600728
392772
66255
733625
153084
509142
797555
482060
273743
462467
41667
11968
10578
236692
183985
599482
619677
264560
786750
257850
566166
441955
262369
680742
765892
947619
526040
749795
496880
725646
181756
52457
132371
884314
335504
643264
166919
799451
983168
141305
205606
646417
222242
271870
211896
637579
310181
292187
425345
830989
3314
879063
795538
872770
214182
67480
377845
15747
18387
609322
10319
748438
511357
644001
365249
103042
188448
139604
535073
373193
16646
54169
77902
449561
441609
289833
585515
114811
379300
53982
534940
472848
67063
315467
397702
717790
175335
342827
678188
875880
129550
355671
969785
131944
374124
708756
5369
237428
679227
687406
554039
99067
289478
427740
410894
478615
125628
18744
438998
260519
650043
906575
965928
634996
809425
43956
890614
920637
479450
126465
714191
438740
502013
878466
731726
629232
63608
917949
685917
446882
290467
793492
930711
430956
400664
477738
239620
839341
64200
878205
743058
970190
178597
824132
529784
554344
609712
871518
403692
637142
506051
80103
368344
129072
141095
426096
103234
594168
333943
571729
998782
469808
946491
493953
997985
830926
748543
734571
333888
788561
714517
356009
301268
362749
91125
731714
21727
112065
19664
57221
82875
308742
164972
504562
299062
94284
392025
654445
263704
864384
627417
701128
967483
344956
374191
735897
434272
118015
32773
556434
984686
124444
976971
129139
548673
251406
891410
335757
101853
49078
985644
578720
249592
911655
540920
393874
697798
401385
639689
445165
565400
445019
587200
252050
461514
746041
311552
153723
986922
242801
166476
349424
856994
815075
943725
204304
479315
665300
303665
286576
367673
44808
168495
43296
813628
881840
198190
446430
362553
722188
231016
993474
712934
493251
355223
851292
52078
429650
63842
739928
699544
987744
98528
994701
409007
365309
119925
577999
202657
921916
150487
172903
118061
159241
861053
743435
439912
215732
645544
533144
587808
6809
120032
665486
821641
103608
155217
654601
809246
296435
907442
910445
143238
93320
46017
982671
377758
421903
617590
916109
628914
750278
765979
848456
308607
138247
3309
356924
969192
246762
461234
122655
370845
645438
735564
125071
854867
394049
660911
776751
540505
565575
841348
464515
151739
309931
636848
754204
831152
116930
822137
753028
783299
964941
444017
590535
198376
82190
795237
791491
592633
597663
578198
163561
434489
618393
571607
230251
940162
392845
649377
803668
970724
562531
186318
939082
560452
875596
462511
748881
286406
649476
31575
710321
249163
190743
421687
590660
188072
977824
407271
673971
280310
808544
229394
923685
566246
134459
335
199120
64380
226228
439542
886567
363524
620077
531685
857732
449413
919422
541000
660274
394890
605616
568355
234914
240049
138352
897860
277228
349611
593458
288443
984001
963615
140762
53306
286366
773852
257502
807784
545303
647681
106822
615850
918136
84049
592610
529815
374149
390134
290860
189888
398258
693382
516670
863867
356816
800652
930592
586942
970208
147099
237414
572174
332250
971565
56562
859597
3786
757229
21370
952180
282942
496446
622863
537078
290746
603149
483747
38234
810115
196376
314743
809566
258353
921725
155746
15604
966368
636680
979545
307768
367868
849213
879759
79724
383181
221017
874501
554921
407332
196843
533074
44924
901211
635091
828191
130320
736686
442965
687198
109398
588033
678813
972095
76631
798095
406888
72560
316977
111027
73626
914444
107656
365525
132996
137323
421293
922340
660793
100662
728889
74979
358473
564245
54241
608369
516795
633031
470109
750440
563927
340925
328132
57985
903608
6739
47429
920443
13441
866532
259785
811686
644448
60332
421617
706342
379051
621996
694787
68177
469706
935636
400196
955716
514384
130880
731475
345337
113127
995550
642714
92988
693149
294577
996712
719317
454897
457668
671762
664212
160424
698179
509346
898510
806149
967522
766725
964136
158142
152305
282232
128404
508497
457297
422903
450991
680903
561365
260049
68812
382582
414197
395578
878137
94235
190210
667620
336764
201173
117208
216743
201545
404637
538771
352278
366325
285265
491818
471632
358238
409206
328273
243848
600877
525675
979348
52867
953200
172409
552780
627077
803907
618027
220826
71924
740895
278497
156289
523935
451095
65584
414961
100812
542405
90324
658280
116945
749515
552266
925535
941256
900364
808768
969563
809779
819013
617263
85656
174342
341196
471723
715483
217631
966329
173045
174596
330509
587857
157566
614968
107399
784299
300131
227527
637911
446110
565269
851607
66545
16471
924854
679287
956610
373537
831761
916898
469480
741738
440454
840368
686724
932838
916905
105981
131666
454082
67197
856658
150538
429642
137420
702650
894128
39296
763776
114009
191803
39890
463298
903088
264874
483557
800171
14563
509796
643022
3754
696763
158756
387965
681171
673801
551455
394564
704461
248077
723604
8702
970175
365615
621735
795348
653816
803838
217981
594182
704455
477294
240563
644482
553186
789286
914727
248611
515917
327084
674152
799309
844588
549392
44465
415604
275528
444119
999090
108000
708952
142298
864568
346028
64877
813777
19564
229042
649125
698252
41589
591005
544994
151126
851216
306750
653970
120060
668967
643985
340368
480937
9556
633111
3412
320035
406870
345103
885211
174793
396510
493602
619009
763609
427281
556499
289376
124177
665619
368283
490578
821242
75036
919069
172941
912950
64533
539342
116670
317917
414249
209102
91303
693496
2886
942409
85137
713500
119649
927523
126747
967839
274299
791321
889759
547405
493610
274986
457802
628392
73156
104675
829910
137473
742201
592779
234291
422544
689980
767377
372416
35645
27393
682555
883836
471121
43637
171514
668279
411987
227567
157138
54696
592833
14273
798306
11655
363784
784775
120151
760130
965123
877789
326452
904425
127892
494749
24001
931127
86424
10832
982157
46977
312226
604422
513739
507162
95639
434693
882173
14227
556194
121791
428574
398740
251720
697169
63639
595706
480100
814213
903342
140869
779572
53342
743090
779450
389984
973787
688971
823166
348042
899435
101920
141705
967037
662254
393999
930194
161602
938259
556693
967904
89709
812880
338470
54679
19389
610485
40097
775128
11804
263094
107018
56663
723594
912857
291959
32207
351297
519169
689722
133205
903755
842629
539620
780874
732317
813044
307330
436121
664336
356939
233111
549836
466683
801413
631682
329335
460040
916482
692949
423382
361558
78499
132700
112798
256628
394752
626997
377087
596259
526461
710050
56482
344580
377320
477732
25436
623937
411191
600592
885862
138762
649987
472381
739637
222782
46286
792005
439362
919330
980338
65777
688636
146633
794249
818462
78608
747416
134149
189419
732332
306271
151561
866005
573934
723731
436223
350101
253178
50429
672998
573264
610437
349003
84695
157604
950885
909423
530656
777439
763964
992294
858459
303342
344622
114591
574392
725947
781798
376497
819341
360462
228119
313082
862976
950919
269373
549932
103743
30810
605282
160311
768985
86728
432230
28770
922955
625280
697420
891288
925550
399977
351515
667060
446950
631465
457904
547246
479350
696916
381666
339483
333431
196150
656058
265443
341757
574965
650554
706519
282026
230089
999297
927690
388860
693081
315170
172532
142965
628600
951033
507121
851125
849928
180086
644329
790236
793953
871551
652905
454717
179329
521233
851122
181118
244104
860088
409051
229082
699239
474164
796318
767159
597245
208519
476144
279154
783486
143816
377461
696096
632757
690574
93811
235584
864771
671885
332652
49845
446547
5215
446894
542713
822955
858277
450135
700638
942371
568785
479761
221509
64386
574702
412302
235532
30637
507768
140883
253496
256043
131342
736170
798917
942306
142460
373745
271749
42539
961594
19475
633342
7906
471618
620360
816302
844518
475280
104839
560871
100291
169073
210092
13871
13746
697282
834038
640348
694665
385578
769201
175561
203203
356436
780218
760368
160535
212590
705454
471293
799737
418617
717977
983425
467621
9444
897359
535957
662366
668275
619548
43595
961395
921341
949004
589839
211038
834325
649906
518298
243809
822794
759196
414663
118703
929102
974408
844103
480887
609663
697531
316624
473789
923234
189678
527174
651259
232637
380223
29084
300682
614601
841757
610897
348331
115972
894963
360133
752572
566171
805104
706388
753681
637572
336784
274011
124042
285365
261857
665977
310395
159915
685839
10430
70017
396661
642838
285452
442442
696104
383210
792108
63217
419561
170110
257748
389826
671270
442285
648392
173995
905593
575436
968921
859125
396786
570983
891616
714478
110890
159856
626693
725161
813240
573992
822873
153149
85015
606633
642475
461950
777828
254431
315204
976558
41998
863142
149723
329673
672799
140761
24704
851566
146208
966873
34637
599333
393843
627489
113856
524564
393500
906507
879608
257863
840744
537121
536447
383362
97189
481108
775520
703866
877381
686064
129699
502930
598761
648810
45889
917755
354124
768564
986786
297962
214814
40908
544011
470005
192902
760523
841701
613215
104603
158135
333693
517291
723680
88924
488489
196855
696627
262919
244809
628740
430852
12845
578114
22521
548087
134798
6838
883098
18966
18435
488822
852615
27613
665680
406705
182533
239499
542966
349591
768299
9527
737496
191649
139915
233809
11991
711344
130952
847012
946854
243532
213797
242173
998842
806875
585349
251892
519614
887885
988953
404752
297153
817964
266587
350351
192885
69173
630216
37583
834774
76966
330768
106757
932751
523180
573484
205153
651416
670192
293736
511853
103129
8040
460162
630855
612511
481674
432652
416955
104453
117416
169916
987579
138286
318476
681964
662365
560470
192432
561512
392951
989674
392463
38314
196083
847232
373420
192662
497165
71686
98525
478216
207987
130476
888181
857132
896130
290029
725490
787812
915026
105856
260399
251068
728586
728222
463547
505790
524530
321103
239978
460316
223096
800137
830756
388561
75650
299983
906521
246684
649299
576854
431282
421028
312981
685002
577806
303464
597502
186915
779259
416812
481824
269139
867043
749161
761721
45482
774754
678533
951118
96432
475866
133268
433456
680640
302066
21783
867920
777086
84395
139054
726984
93995
335644
705657
626439
784838
5420
985706
151694
917927
885210
458220
794955
782612
106623
255819
522931
113312
89183
837075
285559
957112
872942
504101
360071
589206
774316
623162
974530
933766
380607
539269
859015
919935
839483
810201
685223
90561
384996
713553
246019
285242
892853
22710
430721
992575
686447
902787
820743
865561
674204
872242
80111
228630
431236
115006
278650
187219
927947
844562
160071
147276
29433
826572
966338
331272
557463
799664
332570
861402
926944
212236
568136
494918
87619
62107
199853
419091
555999
409194
348259
125837
689903
380857
479438
222900
406504
835046
480038
737532
283393
745853
264756
620570
310072
365744
182248
557669
514804
162774
41125
87239
709230
871944
352232
361635
742160
7974
362136
572551
896219
210862
136555
199943
499174
512330
608088
395640
948934
275586
412094
240846
301205
255753
46011
536748
366005
114920
463993
618436
68698
293341
489874
296359
208664
454270
241596
1719
890311
679714
219944
71011
893951
171640
449490
581597
325465
709778
461880
429535
652001
412758
387972
310378
954839
152203
648961
764288
59525
65439
895781
522389
427383
116137
894983
539017
992329
255702
967607
514450
823697
962221
590687
558312
801544
376766
619913
271433
758175
845674
803203
743177
511485
916967
360810
284802
276095
