66
71
490
643
728
869
894
974
1035
1191
1258
1332
1506
1598
1754
1818
1998
2038
2042
2317
2472
2475
2476
2537
2585
2789
2937
3081
3145
3216
3247
3291
3422
3441
3442
3448
3489
3503
3720
3750
3862
3900
3945
3961
3969
4075
4116
4245
4284
4535
4570
4595
4622
4736
4794
4837
4851
4922
4928
4944
4946
4957
5206
5266
5412
5414
5558
5603
5769
5770
5776
5868
5897
5919
5998
6223
6224
6270
6336
6442
6490
6494
6556
6598
6655
6932
7059
7062
7077
7155
7228
7300
7387
7456
7539
7614
7650
7653
7780
7815
7827
7901
8057
8066
8169
8208
8250
8313
8633
8903
8939
8999
9139
9319
9642
9942
10204
10206
10287
10336
10375
10573
10623
10684
10725
10810
10838
10981
10991
11054
11078
11133
11207
11265
11306
11351
11388
11411
11855
11982
12014
12055
12302
12350
12460
12488
12644
12666
12757
12770
12811
12881
12906
12994
13149
13206
13333
13380
13418
13617
13656
13672
13705
13743
13747
13762
13774
13807
14013
14352
14423
14486
14505
14663
14839
14930
14975
14995
15082
15256
15277
15614
15657
15687
15694
15785
15966
15990
16209
16307
16441
16488
16663
16676
16688
16693
16694
16821
16884
16938
16958
17078
17408
17416
17443
17458
17618
17678
17716
17824
17859
17873
17879
17999
18075
18101
18602
18628
18768
18822
18850
18989
19014
19129
19354
19363
19711
19770
19814
19942
19959
20158
20251
20427
20926
21003
21101
21210
21340
21373
21617
21683
21698
21746
21953
21981
22058
22116
22126
22143
22182
22263
22368
22389
22467
22546
22648
22671
22765
22967
23043
23050
23172
23313
23421
23438
23517
23660
23693
23905
23950
23975
23992
24033
24176
24343
24561
24872
24876
24963
25013
25029
25280
25470
25605
25727
25814
25855
25877
25982
26025
26040
26053
26167
26218
26240
26300
26494
26535
26588
26609
26722
26764
26920
26938
26951
27098
27291
27294
27427
27485
27488
27609
27816
27833
28223
28434
28441
28461
28588
28676
28749
28760
28778
28817
29146
29303
29324
29424
29923
29993
30096
30182
30363
30427
30514
30635
30801
30807
31046
31081
31101
31164
31212
31235
31403
31457
31510
31756
31765
31779
31813
31828
32266
32287
32342
32349
32903
33007
33201
33334
33445
33509
33527
33648
33697
33712
33722
33831
33851
33920
33942
34043
34181
34209
34302
34350
34404
34446
34800
34852
34886
35366
35394
35535
35711
35755
35774
35803
35836
35927
36138
36166
36287
36374
36380
36428
36471
36658
36713
36735
36941
37110
37333
37592
37699
37726
37797
38057
38091
38144
38359
38482
38623
38776
38816
38952
39031
39096
39114
39159
39210
39280
39453
39505
39538
39581
39639
39672
39711
39809
39813
39814
39967
40201
40407
40444
40558
40566
40680
40803
40813
40896
41074
41112
41185
41263
41352
41627
41662
41733
41952
42006
42093
42171
42280
42342
42537
42736
42778
42778
42831
42846
43027
43087
43155
43269
43410
43444
43526
43546
43649
43719
43907
44150
44171
44225
44286
44340
44414
44465
44543
44725
44792
45003
45163
45180
45342
45366
45381
45453
45462
45511
45560
45639
45666
45702
45718
45760
45940
46314
46515
46540
46738
46770
46786
46926
46964
46971
47012
47106
47410
47451
47748
47809
47860
47890
47941
47987
48012
48049
48138
48182
48183
48248
48441
48593
48634
48642
48644
48751
48843
49125
49129
49131
49231
49295
49314
49566
49856
50163
50293
50302
50353
50413
50618
50722
50948
50966
50992
51014
51179
51239
51265
51344
51392
51451
51756
51901
51902
51912
51919
52102
52217
52235
52331
52353
52360
52366
52372
52561
52699
52717
52752
52788
52846
52950
53363
53369
53588
53693
53799
54016
54229
54450
54479
54493
54642
54654
54878
54941
55200
55262
55456
55478
55484
55527
55562
55654
55655
55749
55822
55822
55843
55844
55905
55937
56252
56357
56368
56677
56855
56869
56870
56921
56957
57042
57060
57154
57239
57250
57370
57388
57428
57614
57658
58047
58099
58194
58256
58286
58288
58291
58449
58465
58535
58735
58792
58828
58844
58989
59169
59198
59234
59389
59688
59706
59821
59867
59912
59978
60137
60698
60844
60846
60864
60914
61129
61135
61250
61413
61626
61736
61739
61752
61797
61993
62215
62258
62810
63074
63088
63153
63176
63236
63279
63286
63329
63524
63539
63540
63543
63549
63603
63674
63744
63825
64167
64268
64308
64343
64358
64376
64531
64722
64886
64956
65238
65277
65349
65530
65639
65829
65868
65956
65957
66024
66191
66402
66495
66504
66651
66728
66733
66969
67174
67487
67549
67579
67614
67670
67677
67677
67748
67999
68016
68080
68127
68142
68233
68252
68654
68663
68740
68746
68931
68975
69192
69231
69238
69283
69514
69533
69697
69715
69896
69907
70075
70388
70436
70466
70585
71214
71295
71330
71346
71450
71496
71682
71828
71958
71992
72166
72210
72368
72520
72552
72648
72801
72928
72977
73366
73456
73680
73701
73881
74000
74050
74066
74284
74464
74964
75027
75140
75218
75262
75310
75337
75411
75431
75528
75715
75976
76103
76107
76161
76259
76534
76567
76684
76687
76728
76788
76906
76911
77100
77133
77206
77224
77317
77457
77534
77634
77766
77820
77918
78021
78040
78063
78255
78381
78655
78663
78724
78789
79214
79268
79333
79373
79395
79592
79620
79647
79680
79705
79760
79796
79836
79862
79876
79953
80031
80040
80111
80232
80245
80286
80628
80676
80905
81039
81062
81064
81265
81484
81592
81620
81646
81715
81822
81856
81965
82036
82096
82141
82148
82191
82251
82357
82629
82867
83019
83029
83049
83103
83211
83275
83291
83383
83385
83416
83649
83876
83998
84022
84210
84312
84394
84400
84461
84854
85118
85126
85138
85158
85163
85174
85261
85351
85422
85498
85614
85653
85713
85816
86100
86126
86147
86147
86231
86681
86704
86760
86826
86860
87110
87318
87324
87359
87362
87475
87501
87514
87601
87791
87831
87931
87990
88024
88050
88072
88328
88445
88453
88672
88708
88784
88791
88982
89012
89102
89114
89297
89359
89389
89504
89514
89577
89671
89779
89785
89827
90015
90061
90716
90814
90918
90944
90968
91149
91659
91804
91872
91873
91947
92000
92005
92026
92083
92180
92197
92283
92405
92591
92912
93092
93234
93308
93361
93367
93382
93402
93597
93647
93710
93795
94020
94100
94233
94456
94463
94556
94672
94684
94685
94716
94753
94879
94893
95054
95356
95593
95927
96159
96265
96292
96303
96555
96663
96709
97072
97095
97563
97575
97788
98110
98166
98221
98267
98314
98734
98847
98849
98849
98927
99302
99443
99504
99603
99734
99828
99923
99952
100251
100294
100336
100355
100468
100612
100701
100812
100996
101176
101282
101494
101540
101550
101604
101846
101878
101947
102297
102310
102338
102340
102424
102489
102568
102601
102691
102808
102892
103022
103128
103230
103361
103482
103877
103903
103948
104172
104197
104271
104357
104361
104444
104467
104569
104600
104696
104841
105094
105179
105379
105536
105576
105596
105633
105634
105795
105828
105925
106069
106163
106193
106203
106377
106424
106527
106633
106699
106905
107003
107182
107217
107225
107277
107363
107609
107722
107994
108333
108365
108448
108513
108632
108696
108706
108748
109095
109097
109213
109289
109420
109845
110168
110191
110235
110246
110599
110607
110788
110876
110931
111179
111276
111620
111626
111979
112023
112041
112228
112240
112437
112510
112786
112795
113120
113157
113331
113460
113512
113531
113647
113843
113967
114136
114193
114450
114629
114658
114752
114760
114807
114814
114916
114975
115005
115115
115185
115227
115258
115289
115380
115548
115630
115636
115667
115748
115755
115757
115828
115855
115886
116020
116149
116287
116319
116332
116359
116393
116462
116611
116701
116842
117004
117032
117043
117052
117077
117275
117276
117332
117426
117458
117467
117487
117717
118281
118328
118694
118717
118750
118874
119005
119127
119159
119203
119262
119334
119396
119423
119483
119602
119818
119999
120027
120224
120343
120347
120361
120392
120602
120607
121060
121099
121160
121276
121461
121656
121675
121853
121862
122084
122100
122118
122225
122257
122395
122460
122600
122716
122761
122941
123096
123101
123175
123321
123471
123624
123652
123666
123776
123788
123815
124033
124132
124251
124265
124393
124509
124634
124930
124984
125004
125203
125262
125312
125315
125576
125685
125695
125808
125830
125893
125905
125969
125976
125991
126090
126230
126316
126577
126627
126643
126791
126878
126884
126959
127008
127133
127395
127441
127740
127812
127821
127876
127904
128071
128244
128247
128448
128449
128520
128571
128805
128842
129014
129068
129186
129288
129318
129403
129409
129422
129661
129676
129767
129867
129961
130020
130090
130193
130310
130508
130560
130643
130849
130859
130890
131113
131301
131345
131411
131493
131535
131814
131815
131823
131842
131852
131944
132113
132170
132225
132293
132312
132561
132568
132584
132603
132658
132747
132933
133034
133117
133230
133288
133544
133681
133787
133819
133997
134057
134099
134182
134190
134240
134330
134407
134726
134758
134769
134949
135204
135399
135664
135675
135859
136183
136592
136643
136777
137031
137105
137239
137240
137280
137338
137482
137555
137586
137606
137621
137715
137722
137738
137765
137796
137875
137976
138015
138088
138289
138771
138954
139022
139048
139078
139175
139387
139818
139986
140366
140409
140460
140466
140474
140555
140565
140694
140843
140971
141014
141052
141058
141133
141243
141263
141271
141382
141446
141475
141493
141548
141559
141584
141761
141789
141820
141826
141842
141929
142158
142352
142360
142369
142454
142595
142623
142650
142677
142831
142872
142956
143010
143144
143220
143298
143334
143368
143397
143428
143440
143657
143741
143770
143807
143917
143926
143988
144216
144291
144311
144345
144373
144514
144517
144529
144584
144632
144666
145185
145203
145299
145307
145606
146170
146200
146245
146287
146398
146462
146659
146683
146796
146875
146888
147051
147099
147230
147265
147314
147453
147492
147531
147548
147555
147732
147744
147746
147869
148001
148009
148076
148089
148298
148373
148400
148404
148449
148483
148501
148522
148804
149034
149364
149496
149609
149618
149705
149890
149979
150008
150042
150162
150426
150455
150518
150559
150573
150620
150633
150704
150896
151053
151114
151238
151480
151513
151522
151579
151584
151734
151890
152353
152398
152412
152444
152477
152491
152525
152535
152557
152598
152602
152716
152829
152955
153072
153095
153097
153146
153191
153349
153768
153784
153868
153936
153943
154227
154306
154428
154497
154581
154598
154788
154987
155028
155070
155226
155542
155927
155977
156036
156199
156396
156428
157083
157331
157404
157446
157514
157591
157787
157892
157895
157949
158021
158060
158178
158299
158536
158600
158663
158811
159139
159190
159261
159263
159299
159397
159428
159514
159536
159704
159824
159857
159857
159872
159894
160531
160655
160772
160884
160973
161338
161497
161539
161560
161622
161680
161698
161787
161796
161954
161994
162174
162175
162194
162329
162355
162459
162485
162584
162602
162739
162785
163071
163094
163094
163190
163257
163272
163297
163507
163655
163860
164035
164087
164156
164297
164340
164370
164493
164601
164631
164794
164887
165045
165177
165572
165655
165676
165901
166058
166063
166067
166242
166243
166345
166454
166703
166730
166899
166952
166996
167092
167295
167372
167394
167458
167503
167529
168004
168171
168207
168216
168250
168672
168828
169191
169299
169321
169503
169516
169517
169532
169558
169819
169945
170000
170025
170040
170137
170205
170248
170375
170685
170787
170986
171017
171068
171113
171155
171268
171302
171488
171502
171537
171551
171750
171804
171865
171902
172112
172151
172185
172563
172664
172667
172843
172878
172944
173139
173221
173234
173385
173408
173438
173497
174025
174106
174354
174455
174481
174569
174600
174940
174945
174960
175004
175131
175482
175636
175805
175898
176082
176115
176121
176220
176291
176343
176395
176453
176455
176458
176469
176506
176939
176993
177217
177283
177312
177359
177549
177682
177711
177864
177884
178055
178082
178126
178140
178140
178294
178302
178469
178609
178633
178830
178916
178962
178981
179140
179198
179277
179507
179551
179551
179646
179850
180180
180232
180233
180258
180618
180862
180942
181013
181052
181135
181179
181537
181745
181823
182202
182360
182491
182689
182744
182785
182926
182969
183002
183142
183256
183259
183262
183292
183316
183327
183447
183518
183557
183571
183625
183678
183768
183945
184110
184156
184241
184252
184432
184466
184544
184599
184615
184643
184722
184898
184909
185004
185013
185155
185447
185481
185666
185700
185752
186069
186079
186127
186201
186238
186354
186362
186389
186430
186479
186540
186547
186665
186838
186854
186918
186932
186955
186989
187119
187186
187205
187240
187517
187614
187656
187723
187733
187809
187948
188295
188479
188504
188541
188621
188693
188726
188886
188961
188976
189079
189190
189198
189219
189345
189431
189563
189762
189765
190111
190228
190447
190478
190527
190539
190555
190599
190676
190677
190730
190802
190808
190980
190990
191046
191067
191067
191157
191210
191295
191399
191417
191483
191496
191596
191630
191765
191794
191878
191890
191983
192156
192202
192211
192325
192546
192551
192700
192919
192946
192992
193251
193267
193362
193415
193475
193543
193549
193595
193611
193625
193679
193689
193790
193901
193959
193967
193984
194201
194341
194527
194588
194635
194829
194974
195007
195397
195516
195522
195654
195672
195911
196088
196254
196364
196408
196443
196603
196874
196897
196927
197031
197045
197121
197259
197264
197369
197592
197666
197680
197899
198149
198259
198316
199131
199162
199323
199412
199472
199581
199652
199899
200134
200168
200206
200826
200969
200974
201074
201270
201429
201484
201511
201538
201630
201705
201766
201900
201939
201957
201988
202186
202341
202389
202614
202620
202640
202699
202805
202817
202862
202932
202937
203268
203413
203420
203420
203551
203606
203624
203648
203657
203695
203854
203885
204205
204310
204411
204482
205001
205080
205181
205227
205322
205335
205358
205567
205579
205593
205638
205765
205889
205945
205967
206122
206243
206359
206390
206625
206657
206706
206731
206748
206828
206877
206935
207295
207310
207324
207357
207400
207401
207421
207429
207506
207540
207698
207782
207847
208235
208323
208353
208538
208547
208726
209198
209333
209425
209457
209587
209683
209752
209826
209840
210164
210172
210264
210617
210642
210708
210841
211414
211446
211518
211582
211671
211715
211718
211765
212085
212286
212440
212491
212520
212538
212550
212636
212688
212997
213010
213110
213116
213157
213162
213226
213232
213382
213586
213598
213680
213697
213799
213811
213992
214154
214214
214324
214476
214490
214503
214629
214674
214826
214836
214875
214913
215028
215225
215238
215289
215420
215486
215512
215587
215630
215667
215712
215745
215953
216091
216099
216122
216162
216164
216182
216195
216261
216308
216919
216937
217273
217285
217492
217642
217778
217966
218013
218136
218466
218592
218717
218858
218966
219124
219451
219642
219693
219730
219755
219865
220167
220441
220496
220645
221272
221458
221460
221661
221860
222029
222220
222456
222481
222487
222516
222538
222596
222659
222661
222685
222764
222809
222820
223185
223465
223857
223894
223914
224071
224476
224479
224624
224721
224736
224893
225085
225224
225283
225541
225748
225927
225985
226037
226177
226188
226190
226346
226359
226389
226408
226431
226475
226762
226970
227102
227144
227231
227278
227318
227342
227385
227393
227417
227450
227646
227648
227670
227726
228133
228419
228485
228697
228726
228778
228784
228836
228966
228984
229060
229108
229342
229362
229387
229520
229635
229693
229736
229854
229859
229901
230056
230120
230262
230361
230450
230595
230635
230740
230777
230789
230852
231011
231036
231073
231114
231171
231201
231391
231521
231537
231562
231592
231709
231712
231726
232085
232099
232173
232639
232773
232913
232926
233011
233057
233118
233174
233198
233296
233317
233395
233551
233660
233737
233873
234013
234191
234283
234364
234497
234523
234575
234639
234642
234779
235050
235176
235279
235540
235606
235654
235698
235698
235709
235831
235895
235959
236045
236054
236214
236422
236454
236539
236582
236665
236667
236738
236902
236925
237157
237247
237311
237321
237330
237339
237377
237404
237682
237684
237751
237929
237974
238107
238165
238283
238441
238464
238531
238795
238978
239070
239105
239164
239192
239229
239293
239294
239418
239735
239767
239779
239803
239844
239911
239917
240041
240270
240367
240574
240654
240677
240981
241092
241107
241169
241175
241245
241446
241517
241544
242249
242447
242511
242542
242593
242696
242696
242806
242880
243028
243119
243131
243140
243201
243328
243369
243375
243452
243485
243619
243626
243669
243719
243827
243832
244461
244511
244628
244672
244888
244909
244952
244995
245205
245245
245309
245311
245543
245675
245746
246052
246071
246131
246321
246333
246353
246398
246751
246775
247038
247164
247231
247277
247379
247392
247483
247505
247507
247536
247957
248050
248146
248165
248177
248246
248629
248670
248819
248922
249070
249074
249215
249248
249309
249345
249519
249534
249636
249856
249973
250653
250782
250932
251003
251331
251364
251444
251955
252020
252261
252286
252288
252308
252468
252534
252539
252676
252719
252879
252889
252943
253072
253476
253532
253581
253650
253764
253893
253975
254037
254047
254111
254186
254199
254412
254556
254604
254658
254897
254928
254929
254989
255050
255106
255302
255406
255458
255481
255508
255522
255548
255554
255577
255681
256062
256087
256212
256249
256490
256622
256642
256709
256726
256734
256932
257063
257252
257509
257755
258091
258112
258156
258300
258476
258565
258657
258717
258793
258936
258968
259031
259180
259479
259550
259587
259758
259782
259988
260148
260290
260548
260579
260952
260980
261052
261118
261315
261436
261719
262053
262112
262129
262230
262270
262362
262482
262518
262731
262789
262943
262944
263049
263052
263178
263258
263435
263460
263497
263583
263594
263691
263712
263787
263820
263877
263988
264149
264203
264361
264362
264372
264472
264475
264504
264763
264865
264909
265148
265178
265301
265306
265490
265543
265593
265600
265644
265674
265846
266025
266073
266115
266169
266253
266378
266497
266593
266631
266714
266753
266980
266996
267042
267332
267385
267425
267459
267525
267560
267740
267779
267792
267817
267927
268017
268106
268348
268462
268647
268877
269035
269046
269290
269330
269367
269412
269534
269535
269541
269601
269765
269892
269960
270098
270106
270194
270417
270518
270611
270691
270886
270922
270933
271087
271104
271124
271426
271472
272063
272092
272099
272113
272118
272177
272593
272635
272750
272800
272840
272977
273062
273176
273218
273235
273298
273475
273988
274044
274066
274300
274314
274420
274508
274539
274621
274666
274821
275055
275061
275105
275209
275244
275279
275280
275368
275478
275541
275619
275674
275696
275717
275717
275775
275814
275913
275918
276126
276546
276554
276906
276963
277079
277135
277331
277338
277472
277812
277854
277854
277948
278134
278194
278388
278538
278670
278676
278707
278745
278804
278845
278857
278867
278921
278991
279124
279460
279684
279689
279736
280021
280493
280537
280543
280578
280953
281070
281133
281240
281320
281436
281484
281505
281634
281706
281781
281865
282056
282329
282358
282381
282432
282439
282479
282631
282782
282853
282882
282882
283113
283230
283308
283356
283508
283708
283795
283820
283908
284019
284094
284178
284203
284392
284412
284432
284450
284537
284547
284709
284764
284860
284885
284895
284895
285215
285451
285492
285586
285812
285858
286043
286176
286467
286495
286711
286784
286790
286819
286849
286897
287215
287232
287316
287352
287528
287704
287781
287791
287856
287902
287912
288023
288054
288139
288202
288608
288654
288684
288686
288725
288766
288961
289076
289288
289336
289568
289575
289821
289891
290070
290083
290156
290264
290415
290473
290568
290759
290767
290922
290998
291133
291299
291398
291512
291673
291710
291784
291801
292050
292063
292068
292136
292158
292477
292526
292649
292690
292739
292814
293068
293416
293554
293767
293955
293968
294361
294429
294678
294759
294764
294812
294833
295096
295381
295550
295627
295696
295761
295862
295871
295961
296029
296049
296073
296170
296354
296469
296569
296838
296868
296996
297132
297167
297213
297286
297323
297401
297452
297480
297635
297637
297665
297762
297965
297977
298004
298121
298254
298444
298446
298470
298542
298550
298555
298677
298697
298744
298771
298802
298826
298847
299178
299399
299421
299458
299480
299496
299589
299625
299634
299683
299705
299719
299882
299891
299920
300120
300169
300211
300273
300635
300665
300776
300874
300992
301214
301222
301322
301327
301362
301441
301590
301671
301693
301876
301892
301922
302111
302153
302165
302215
302219
302253
302305
302363
302455
302468
302724
303008
303008
303313
303365
303655
303667
303719
303753
303846
304005
304060
304115
304119
304208
304228
304406
304557
304605
304659
305026
305061
305092
305164
305165
305372
305422
305580
305715
305878
305897
305897
306008
306112
306222
306247
306361
306636
306839
307193
307207
307218
307345
307511
307522
307599
307753
307782
308060
308067
308188
308286
308448
308633
308635
308659
308966
309015
309200
309433
309545
309577
309597
309645
309649
310128
310449
310474
310624
310957
311021
311063
311469
311548
311579
311685
311735
311741
311809
311954
312256
312264
312327
312364
312480
312500
312524
312556
312565
312753
312756
312831
312874
312923
312953
312965
313214
313241
313345
313448
313574
313591
313592
313610
313663
313725
313801
313873
313889
313932
314048
314055
314072
314116
314201
314739
314919
314974
315044
315117
315190
315263
315320
315333
315584
315614
315770
315955
316176
316280
316286
316293
316604
316672
316698
316796
316820
316853
316894
317022
317062
317088
317370
317396
317399
317511
317592
317599
317815
317819
318002
318118
318142
318234
318236
318251
318315
318317
318484
318522
318554
318653
318896
318919
318947
319001
319003
319117
319118
319265
319433
319627
319817
320098
320118
320163
320186
320771
320820
320892
321063
321094
321332
321410
321412
321468
321885
322128
322177
322250
322387
322550
322567
322865
322901
322906
322940
323069
323199
323237
323340
323423
323470
323616
323783
324263
324400
324426
324477
324512
324706
324775
324936
325010
325209
325584
325874
326378
326390
326447
326458
326473
326503
326609
326771
326940
326955
327029
327041
327138
327250
327331
327389
327588
327589
327981
328026
328121
328173
328427
328497
328502
328662
328726
328815
329106
329121
329211
329270
329310
329337
329340
329518
329555
329614
329701
329719
329728
329747
329961
330093
330134
330309
330367
330483
330498
330585
330611
330617
330791
330797
330843
331426
331532
331533
331762
331776
331786
331934
331975
332056
332145
332184
332492
332656
332878
333083
333086
333359
333672
333794
333830
333834
333834
333878
333966
334076
334161
334469
334506
334570
334669
334749
334924
334976
335300
335329
335547
335550
335864
335870
335883
336007
336163
336227
336376
336483
336535
336566
336575
336695
336702
336753
336773
336873
336884
337029
337031
337089
337098
337510
337863
337928
338012
338139
338346
338585
338618
338649
338675
338892
339083
339093
339264
339307
339329
339359
339364
339392
339423
339459
339557
339645
339664
339664
339779
340244
340280
340296
340347
340403
340485
340717
340803
340886
340892
341057
341091
341167
341227
341350
341438
341862
341867
341938
341953
342004
342016
342076
342260
342280
342360
342391
342611
342678
342701
342731
342790
342968
343224
343277
343427
343432
343447
343581
343581
343968
343991
344004
344048
344263
344396
344498
344653
344681
344894
344896
344960
345141
345341
345503
345589
345602
345659
345965
346103
346381
346455
346483
346559
346774
346821
346864
347077
347090
347162
347551
347614
347712
347766
348050
348107
348246
348349
348404
348669
348884
348936
349035
349444
350275
350293
350312
350398
350416
350432
350470
350579
350704
350710
350811
350829
350961
350975
351297
351362
351383
351533
352062
352579
352635
352649
352712
352994
353032
353057
353072
353185
353293
353324
353578
353646
353654
353684
353855
353921
354025
354046
354129
354143
354167
354302
354354
354444
354445
354449
354994
355009
355207
355330
355460
355476
355501
355609
355914
355942
356120
356279
356321
356322
356348
356567
356705
356865
357067
357218
357568
357605
357677
357711
357712
357737
357913
357986
358195
358246
358263
358288
358362
358858
358859
358938
359048
359055
359167
359276
359447
359479
359518
359522
359534
359671
360430
360508
360564
360683
360732
360797
360842
361082
361180
361190
361220
361275
361327
361484
361501
361501
361568
361840
361843
361877
362271
362318
362395
362431
362449
362460
362638
362785
362837
362842
362863
362878
362916
362956
363261
363301
363347
363509
363559
363569
363722
364125
364346
364362
364413
364430
364482
364487
364508
364521
364596
364630
364862
364975
365048
365285
365309
365315
365647
365847
365873
366092
366097
366111
366232
366373
366421
366833
366849
366972
367027
367344
367345
367584
367844
367953
368075
368118
368161
368218
368228
368409
368696
368822
368946
369220
369436
369460
369485
369505
369539
369621
369643
369764
369771
369893
369916
370112
370178
370430
370551
370617
370654
370771
370783
370899
371560
371641
371663
371803
371965
372111
372117
372232
372271
372383
372512
372538
372583
372622
372711
372720
372735
372889
372900
372981
372985
373131
373152
373453
373502
373517
373556
373755
373862
373914
374111
374261
374291
374345
374526
374554
374579
374617
374742
374833
374844
375114
375201
375295
375321
375350
375504
375623
375645
375667
375711
375774
375797
375897
375915
376053
376077
376123
376249
376274
376536
376602
376682
376691
376847
376915
377032
377050
377167
377230
377252
377326
377536
377647
377861
377938
378252
378508
378591
378607
378696
378868
378922
378974
379208
379229
379438
379508
379629
379648
379677
379721
380184
380195
380319
380343
380627
380628
380901
381296
381509
381724
382008
382218
382355
382462
382839
382981
383162
383464
384020
384170
384220
384431
384519
384576
384651
384653
384680
384813
384964
384983
385029
385069
385224
385282
385484
385500
385515
385523
385611
385768
385769
385947
386042
386058
386067
386091
386286
386348
386380
386516
386526
386577
386603
386956
386962
387080
387101
387107
387165
387514
387692
387877
387880
388056
388067
388108
388116
388148
388396
388469
388536
388582
388684
388721
388893
389090
389294
389318
389377
389487
389524
389549
389600
389911
389946
389973
390256
390363
390439
390568
390804
390804
390952
391099
391197
391270
391357
391394
391581
391645
391714
391728
391828
391859
391953
391956
392121
392289
392364
392476
392659
392755
392898
393201
393224
393267
393341
393357
393487
393513
393600
393646
393759
393801
393802
393966
394113
394384
394552
394606
394691
394807
394878
394896
394901
395050
395138
395242
395376
395407
395684
396018
396045
396354
396378
396462
396490
396583
396638
396753
396771
396797
396801
396922
396925
397017
397047
397055
397122
397251
397579
397710
397758
397758
397830
397890
397972
398072
398181
398211
398401
398407
398475
398513
398579
398655
398796
399051
399088
399104
399150
399152
399284
399468
399470
399500
399559
399566
399583
399702
399857
399967
400014
400025
400040
400040
400102
400258
400397
400404
400469
400562
400617
400691
400850
400901
400902
400926
401028
401350
401358
401458
401545
401623
402359
402404
402516
402763
402791
402895
402983
402993
403006
403027
403029
403075
403082
403153
403189
403218
403306
403335
403378
403978
403980
404038
404057
404163
404191
404278
404279
404386
404390
404417
404536
404552
404560
404632
404664
404761
404976
405080
405128
405379
405530
405552
405603
405628
405758
405793
405826
405832
405849
406019
406064
406355
406377
406403
406497
406587
406611
406706
406759
406916
406965
407218
407288
407320
407323
407327
407337
407391
407489
407736
407807
407913
407941
408134
408143
408428
408448
408456
408486
408547
408689
408712
408735
408880
408953
409038
409045
409150
409169
409201
409243
409264
409282
409651
409707
409745
409892
409970
409993
410051
410135
410522
410535
410768
410862
410872
410899
410908
411179
411219
411292
411307
411499
411634
411648
411803
411819
411941
411963
412041
412200
412392
412400
412488
412590
412674
412684
413109
413180
413198
413434
413484
413490
413855
414031
414118
414194
414264
414348
414398
414441
414566
414617
414669
414755
414759
414837
414927
415088
415190
415441
415673
415745
415877
415958
416000
416007
416103
416395
416549
416633
416902
416906
416929
417110
417167
417171
417241
418061
418173
418308
418374
418734
419053
419079
419255
419318
419385
419556
419641
419863
420299
420570
420606
420670
420729
420776
420973
421043
421043
421095
421152
421295
421302
421323
421384
421432
421434
421508
421617
421642
421675
421759
421763
421845
421915
422000
422009
422142
422163
422173
422256
422348
422598
422706
422819
422879
422974
423185
423223
423594
423680
423848
423908
424016
424126
424561
424563
424596
424603
424640
424937
424939
425022
425169
425249
425249
425272
425400
425467
425860
425897
425897
425986
426172
426187
426325
426431
426460
426486
426490
426519
426547
426558
426742
426838
427002
427076
427096
427139
427191
427196
427286
427320
427410
427450
427547
427584
427650
427688
427813
427820
427970
428081
428426
428444
428481
428505
428513
428590
428620
428674
428686
428737
428802
428851
429000
429050
429163
429402
429405
429469
429469
429576
429648
429656
429734
429785
429822
429927
430052
430171
430198
430262
430276
430555
430569
430788
430795
430800
430824
430864
430899
430955
431285
431326
431456
431646
431665
431728
431888
431915
431921
432031
432104
432172
432213
432414
432419
432460
432676
432683
432776
432941
432989
433171
433279
433315
433430
433439
433513
433551
433584
433713
433926
434023
434088
434301
434334
434338
434338
434341
434410
434628
434645
434656
434838
434858
435347
435499
435624
435721
435751
435774
435866
435959
435979
436012
436067
436067
436154
436168
436264
436359
436394
436470
436488
436532
436563
436572
436818
436826
436844
436913
437186
437270
437353
437407
437650
437678
437687
437880
437999
438042
438082
438209
438403
438484
438510
438528
438536
438601
438689
438919
439044
439259
439290
439556
439654
439722
439883
439972
440430
440722
440805
440926
440940
440977
440993
441091
441186
441258
441277
441297
441301
441504
441572
441603
441698
441912
441937
441968
441979
442102
442142
442212
442233
442382
442567
442574
442626
442671
442680
443227
443374
443514
443575
443720
443801
443872
443883
443915
444150
444285
444295
444303
444334
444567
444591
444880
444939
445098
445320
445338
445360
445445
445557
445640
445677
445747
445849
445885
445983
446007
446061
446084
446297
446339
446352
446424
446479
446551
446635
446743
446833
446936
446950
447000
447021
447155
447182
447201
447213
447273
447368
447821
447854
447898
447930
448091
448109
448120
448166
448521
448928
448977
449057
449100
449297
449349
449409
449443
449522
449627
449688
449858
450094
450205
450239
450330
450361
450372
450398
450517
450654
450731
450812
450889
451010
451051
451171
451247
451419
451579
451609
451641
451688
451772
451775
452078
452272
452310
452532
453109
453121
453170
453296
453436
453496
453555
453657
453736
453747
453867
453901
453933
453950
454140
454163
454410
454454
454480
454504
454737
454830
454851
455131
455303
455351
455402
455459
455500
455698
455760
456027
456041
456138
456180
456211
456300
456409
456420
456487
456570
456755
456844
456886
456890
456924
457023
457134
457149
457537
457625
457731
457791
457953
458295
458369
458642
458692
458748
458783
458829
459002
459083
459091
459116
459121
459315
459336
459407
459459
459522
459559
459885
459946
460033
460062
460116
460151
460204
460306
460314
460330
460374
460466
460488
460509
460845
460866
460893
460933
460941
461005
461050
461162
461192
461219
461235
461247
461329
461442
461618
461630
461690
461792
461966
462145
462153
462419
462442
462446
462464
462545
462672
462701
462702
463279
463595
463873
463897
463919
463926
464015
464103
464105
464141
464201
464259
464276
464335
464386
464416
464440
464508
464794
464960
464979
464980
465214
465233
465314
465362
465368
465399
465529
465562
465644
465776
465848
465849
465855
465914
466005
466132
466202
466390
466413
466421
466435
466474
466585
466746
466880
467194
467312
467402
467457
467471
467509
467864
467877
467899
468166
468237
468351
468444
468526
468676
468728
468731
468742
468884
468939
468958
469178
469233
469444
469457
469588
469797
470204
470242
470372
470448
470629
470637
470746
470843
471007
471186
471282
471479
471566
471588
471734
471810
471874
471887
472088
472128
472309
472601
472704
472739
472788
472839
473260
473352
473444
473557
473583
473585
473790
473941
474031
474040
474055
474125
474194
474236
474249
474283
474814
474913
474978
474984
475038
475305
475386
475421
475445
475521
475743
475750
475812
475896
475992
476042
476179
476237
476243
476314
476327
476422
476577
476647
476872
476964
476965
476981
477221
477239
477505
477944
478053
478177
478220
478250
478251
478319
478394
478432
478444
478508
478543
478563
478611
478615
478650
479049
479093
479168
479171
479235
479248
479257
479371
479443
479576
479590
479775
479802
479812
480134
480283
480457
480511
480526
480685
480727
480849
480883
480891
480937
480972
481013
481190
481294
481430
481456
481497
481595
481681
481684
481748
481751
481940
481979
482043
482090
482191
482224
482292
482463
482555
482587
482614
482692
482818
482941
482991
483131
483146
483172
483179
483429
483708
483948
483970
484196
484276
484364
484561
484578
484679
484774
484794
484856
484876
485071
485093
485326
485494
485554
485591
485714
485770
485983
486465
486514
486606
486660
486709
486740
486823
486874
486955
487158
487201
487249
487680
487767
487830
488006
488111
488145
488216
488278
488510
488776
488879
488941
489026
489068
489130
489233
489299
489312
489373
489374
489539
489563
489581
489611
489849
489905
489926
489927
490375
490435
490447
490619
490750
490805
490812
490914
490989
491073
491215
491225
491242
491247
491274
491482
491638
491683
491702
491746
491816
491866
492072
492346
492391
492498
492528
492591
492620
492719
492722
492822
492832
493108
493120
493259
493292
493334
493408
493830
493960
494139
494351
494569
494673
494873
495006
495318
495348
495520
495573
495618
496095
496210
496390
496414
496427
496626
497004
497178
497199
497364
497400
497464
497468
497538
498165
498248
498513
498531
498533
498538
498604
498629
498910
499150
499182
499210
499269
499417
499530
499699
499726
499984
500012
500074
500136
500145
500248
500296
500352
500379
500398
500422
500581
501018
501296
501459
501544
501733
501927
501935
501988
502245
502466
502467
502496
502499
502539
502575
502579
502597
502729
502738
502928
502963
503150
503482
503663
503743
503746
503989
503998
504280
504327
504327
504372
504435
504503
504742
504821
504844
504856
504905
505002
505059
505162
505171
505522
505730
505904
506111
506156
506194
506215
506416
506925
507038
507093
507175
507182
507193
507455
507476
507526
507542
507552
507570
507771
507838
507886
507905
507951
508062
508122
508200
508329
508339
508376
508633
508798
508821
508842
508849
508921
508972
509101
509127
509192
509226
509270
509384
509463
509608
509643
509716
509840
509906
509934
509989
510008
510013
510015
510494
510669
510746
510853
510918
511145
511230
511426
511513
511702
511748
511751
511751
511776
511861
512115
512406
512492
512575
512703
512822
513003
513034
513069
513273
513333
513345
513435
513512
513518
513681
513724
514279
514331
514423
514458
514586
514777
514809
515022
515054
515147
515377
515440
515462
515476
515559
515689
515920
516034
516077
516144
516300
516423
516424
516585
516705
516885
516991
517035
517048
517067
517130
517143
517157
517264
517366
517521
517554
517569
517704
517748
517848
517923
518034
518471
518726
518870
518955
519113
519291
519596
519813
519832
519840
519853
519898
519972
519997
520091
520189
520317
520422
520509
520533
520550
520603
520660
520719
520777
520806
520810
520824
520840
521006
521153
521260
521342
521405
521507
521513
521561
521582
521586
521598
521764
521766
521787
521835
522011
522040
522207
522250
522258
522317
522423
522565
522602
522761
522878
522939
522952
523048
523581
523680
523704
523908
524083
524132
524575
524681
524688
524861
524911
524919
524952
524959
525005
525116
525414
525516
525896
525963
526133
526134
526435
526570
526629
526657
526698
526771
526850
526863
526891
527030
527035
527117
527180
527216
527287
527326
527441
527533
527869
527930
527944
527985
528011
528114
528135
528138
528235
528237
528295
528492
528711
528760
528761
528932
529014
529054
529210
529226
529251
529333
529527
529791
529944
529949
529980
530007
530015
530104
530147
530191
530478
530507
530567
530586
530827
530834
531038
531135
531402
531444
531659
531672
531714
531909
531991
532002
532068
532151
532228
532246
532452
532631
532660
532865
532947
533026
533111
533365
533379
533519
533631
533709
533813
534068
534143
534376
534776
534811
534858
534957
534986
535331
535341
535353
535414
535425
535505
535645
535695
535702
535941
535960
535990
536052
536215
536304
536435
536438
536466
536495
536611
536904
536905
537074
537120
537252
537322
537341
537455
537527
537528
537617
537659
537882
537913
538014
538021
538049
538359
538853
538892
538901
539241
539401
539465
539647
539795
539873
540192
540257
540262
540351
540463
540465
540809
540953
541051
541351
541375
541451
541541
541750
541753
541885
542036
542241
542268
542605
542684
542710
543110
543133
543291
543501
543558
543630
543641
543661
543699
543872
543983
544099
544106
544139
544153
544156
544176
544272
544315
544426
544449
544504
544560
544566
544588
544625
544657
544718
544771
544904
544931
545155
545847
545908
545993
546001
546123
546168
546433
546655
546757
546956
547014
547434
547435
547519
547591
547642
547649
547755
547773
548031
548109
548118
548298
548632
548836
549012
549026
549035
549232
549291
549302
549399
549406
549451
549690
549741
549862
549903
549956
550039
550139
550415
550482
550504
550517
550634
550644
550682
550778
550883
550883
550936
551028
551091
551096
551128
551157
551222
551234
551310
551422
551490
551516
551518
551660
551731
552168
552688
552792
553048
553076
553109
553185
553206
553208
553296
553355
553399
553446
553454
553485
553609
553893
553927
553945
553981
554021
554045
554068
554479
554486
554675
554697
554936
555037
555083
555154
555226
555240
555302
555449
555775
555984
556008
556025
556210
556264
556381
556483
556556
556626
556795
557137
557471
557488
557497
557657
557806
557836
557860
557901
557902
558118
558132
558168
558175
558205
558226
558227
558260
558286
558318
558328
558346
558431
558576
558661
558669
558721
558787
558836
558896
558906
559041
559065
559099
559141
559240
559271
559377
559394
559440
559509
559515
559565
559627
559671
559679
559703
559718
559742
559789
559809
559864
559902
560055
560215
560232
560390
560713
560823
560867
560994
561023
561158
561170
561446
561677
561772
561901
561955
562052
562182
562324
562420
562486
562496
562532
562548
562559
562595
562678
562711
562854
563006
563020
563170
563219
563305
563348
563452
563457
563552
563566
563612
563623
563831
563857
563916
564037
564174
564182
564380
564502
564518
564712
564739
564845
564858
564871
564878
564959
565527
565585
565619
565712
565787
565875
566008
566095
566466
566696
566964
567009
567044
567361
567426
567436
567439
567456
567470
567471
567484
567499
567553
567615
567616
567691
567791
567896
567969
567969
568099
568124
568175
568242
568268
568337
568435
568510
568535
568540
568710
568776
568801
569243
569300
569420
569567
569763
569855
569906
569967
569967
570107
570108
570129
570260
570296
570301
570422
570434
570600
570710
570758
570929
570953
570973
571075
571138
571291
571412
571419
571448
571453
571467
571546
571628
571717
571730
572085
572111
572163
572174
572408
572443
572728
572739
572889
573017
573027
573114
573144
573310
573502
573506
573605
573756
573810
573866
573888
574140
574169
574396
574540
574564
574614
575231
575352
575453
575455
575502
575507
575545
575579
575597
575718
575722
575726
575861
575905
576127
576212
576355
576382
576401
576432
576432
576440
576448
576486
576514
576576
576625
577013
577020
577100
577181
577266
577280
577323
577347
577518
577589
577769
577833
577855
577973
577992
578097
578152
578413
578415
578492
578515
578875
579059
579069
579071
579294
579714
579736
579753
579802
580219
580256
580295
580516
580553
580666
580824
580889
581125
581241
581293
581298
581523
581674
581674
582144
582177
582183
582197
582298
582395
582465
582481
582570
582576
582619
582717
582826
582865
583043
583280
583428
583464
583733
583825
583917
583967
584042
584237
584334
584473
584493
584529
584530
584546
584557
584984
585080
585084
585176
585285
585310
585342
585424
585456
585487
585511
585581
585690
585829
585903
585934
586103
586295
586401
586480
586948
586995
587067
587082
587117
587161
587273
587349
587927
587969
588036
588167
588170
588256
588280
588456
588729
588924
588949
589081
589423
589842
590115
590126
590153
590332
590366
590464
590621
590677
590823
590904
591045
591194
591319
591362
591409
591470
591514
591591
591670
591725
591773
591804
591937
591969
592014
592148
592240
592423
592477
592740
592833
592856
592965
593042
593284
593318
593332
593448
593494
593526
593680
593871
593909
594062
594076
594224
594383
594415
594631
594644
594738
594881
594910
595025
595052
595094
595102
595106
595138
595285
595339
595403
595418
595542
595564
595716
595722
595809
595816
595901
595927
595935
596008
596088
596237
596475
596509
596524
596582
596628
596657
596725
596778
596852
596948
597075
597379
597476
597578
597622
597926
598121
598181
598276
598300
598334
598454
598530
598539
598577
598899
598999
599234
599284
599333
599340
599420
599538
599570
599821
599860
599946
599947
600218
600239
600267
600296
600457
600525
600659
600929
600995
601024
601107
601180
601443
601473
601517
601590
601626
601781
601942
602041
602062
602063
602325
602437
602485
602709
602834
602993
603012
603144
603214
603300
603398
603494
603546
603567
603677
603765
603787
603861
603931
603978
603985
604008
604035
604103
604353
604374
604527
604547
604647
604709
604720
604791
604911
604937
605030
605265
605391
605398
605578
605768
605933
606047
606210
606361
606474
606499
606708
606782
606914
607128
607194
607215
607366
607502
607533
607566
607587
607609
607726
607741
607746
607755
607758
607866
607956
607993
608040
608137
608213
608257
608292
608581
608794
608857
608961
609039
609303
609449
609552
609573
609675
609855
610122
610178
610197
610266
610320
610321
610445
610506
610689
611042
611050
611195
611238
611406
611555
611718
611743
611844
611905
612071
612135
612286
612288
612375
612382
612421
612439
612659
612686
612706
612775
612825
613057
613097
613099
613186
613266
613331
613378
613419
613560
613721
613935
613965
613978
614108
614124
614231
614278
614384
614483
614513
614629
614825
614911
614918
615008
615072
615282
615320
615337
615412
615654
615665
615796
615839
615843
615942
616064
616115
616189
616292
616324
616325
616335
616367
616461
616931
617136
617155
617209
617253
617320
617366
617466
617469
617539
617746
617835
617881
617924
618358
618421
618467
618633
618778
618837
618967
619174
619409
619468
619575
619625
619683
619825
619893
619943
620193
620266
620346
620408
620408
620464
620582
620693
620784
620800
620968
620975
621104
621113
621337
621383
621393
621510
621740
621762
621791
621836
622082
622169
622204
622259
622312
622380
622535
622568
622622
622688
622740
622971
622988
623069
623088
623101
623152
623161
623272
623442
623447
623621
623764
623798
623827
623860
623865
623940
623970
623970
623970
624010
624019
624220
624226
624256
624403
624539
624554
624744
624883
625016
625045
625047
625140
625262
625275
625286
625343
625416
625653
625800
625934
626166
626219
626336
626439
626498
626592
626958
626980
627011
627182
627281
627637
627707
627757
627885
628072
628279
628430
628457
628524
628585
628637
628678
628775
628807
628858
628870
628879
628957
629189
629209
629316
629454
629594
629704
629707
629708
629744
629786
629809
629954
630204
630351
630417
630652
630807
630976
630991
631091
631110
631186
631295
631324
631373
631538
631587
631633
631747
631758
631819
631953
631962
632027
632159
632159
632180
632194
632205
632257
632365
632447
632466
632684
632722
633063
633156
633183
633240
633272
633275
633291
633604
633637
633740
633746
633819
634043
634049
634079
634205
634310
634317
634345
634351
634438
634440
634624
634750
634859
634927
634951
635077
635099
635109
635288
635294
635518
635633
635762
636050
636069
636082
636134
636343
636360
636437
636631
636854
636866
636889
637152
637351
637368
637541
637639
637641
637692
637721
637829
637889
637953
638285
638588
638725
638928
638979
638996
639152
639206
639261
639518
639634
639745
639932
639983
640117
640414
640440
640619
640693
640799
640963
641137
641138
641234
641349
641361
641388
641492
641548
641573
641588
641738
641809
642139
642287
642425
642517
642527
642642
642766
642900
643177
643263
643332
643502
643640
643737
643786
643840
643853
644346
644354
644358
644377
644656
644659
644722
644767
644808
644813
644874
644998
645057
645065
645361
645409
645456
645479
645883
645951
646134
646200
646328
646942
647189
647192
647285
647285
647515
647531
647683
647793
647815
647833
647960
648166
648262
648280
648303
648419
648500
648554
648893
649000
649218
649256
649379
649411
649413
649475
649499
649800
649813
649822
649844
649980
650203
650207
650352
650360
650489
650617
650658
650779
650854
650902
651040
651162
651562
651870
652088
652678
652791
652857
653050
653079
653180
653257
653392
653504
653546
653576
653628
653692
653737
653857
653880
653919
653969
654233
654303
654509
654603
654606
654717
654886
654996
655178
655207
655230
655256
655392
655518
655642
655837
655860
655928
655957
655996
656466
656468
656631
656851
656949
657099
657249
657314
657394
657595
658005
658052
658120
658177
658369
658371
658559
658567
658692
658918
659002
659215
659252
659255
659336
659434
659554
659607
659785
659837
659950
660399
660405
660469
660646
660767
660822
661001
661011
661592
661835
662289
662292
662377
662450
662571
662755
663008
663011
663034
663122
663247
663341
663343
663425
663481
663671
663700
663873
663899
663907
664107
664154
664254
664286
664369
664511
664677
664731
664833
664924
665101
665147
665263
665302
665333
665357
665464
665595
665843
665978
666015
666136
666170
666241
666249
666332
666489
666641
666982
667067
667131
667229
667275
667360
667372
667414
667575
667590
667699
667705
667740
667745
667769
667792
667909
667993
668040
668108
668219
668392
668541
668558
668649
668739
668812
668819
668841
668851
669031
669145
669208
669402
669505
669513
669528
669554
669704
669861
669895
670021
670093
670134
670190
670354
670374
670407
670469
670535
670769
670772
671041
671103
671150
671319
671346
671470
671474
671501
671557
671890
671973
671996
672054
672087
672305
672343
672444
672516
672541
672877
673044
673058
673061
673799
673863
673885
674165
674172
674432
674577
674589
674608
674629
674643
674794
674907
674989
675201
675218
675235
675375
675580
675639
675943
676050
676126
676162
676213
676310
676472
676549
676572
676613
676685
676728
676924
677056
677312
677431
677454
677603
677743
677807
677848
677866
677876
677883
677895
677934
677968
678025
678048
678135
678159
678214
678485
678569
678902
678939
679039
679042
679177
679191
679417
679571
679696
679715
679885
679904
679939
680022
680042
680089
680366
680389
680597
680789
680855
681134
681267
681443
681601
681670
681821
681948
681994
682214
682259
682289
682323
682430
682603
682882
682983
682998
683041
683064
683132
683151
683163
683178
683193
683226
683266
683422
683477
683483
683540
683557
683633
683841
683883
683890
683894
684052
684118
684228
684267
684267
684310
684350
684594
684657
684676
684705
684707
684787
685030
685099
685116
685134
685253
685446
685553
685571
685576
685638
685787
685827
685829
685837
686034
686146
686212
686348
686510
686537
686627
686711
686844
687108
687167
687209
687376
687412
687497
687546
687664
687714
687816
688038
688039
688110
688131
688403
688419
688545
688568
688646
689002
689021
689053
689056
689400
689461
689499
689603
689670
689674
689686
689892
689963
689986
690234
690350
690457
690782
690844
690871
690904
690934
690937
690979
691016
691152
691234
691277
691300
691444
691564
691832
691877
692004
692122
692180
692247
692362
692370
692372
692494
692523
692696
692708
692753
692944
693151
693205
693315
693396
693470
693625
693677
693816
693819
693853
693889
693980
693992
694081
694083
694177
694184
694277
694513
694611
694699
694927
694980
694986
695274
695364
695477
695607
695617
696018
696040
696046
696294
696307
696403
696408
696485
696513
696615
697004
697012
697076
697084
697119
697264
697339
697368
697578
697784
697861
697864
697960
697981
698032
698065
698479
698577
698626
699096
699249
699333
699368
699392
699443
699607
699609
699781
699797
700092
700217
700306
700386
700523
700613
700971
701010
701408
701473
701596
701741
701808
701823
701841
702336
702421
702445
702460
702537
702611
702668
702777
702818
703015
703087
703168
703256
703406
703464
703553
703672
703927
704019
704064
704207
704343
704473
704522
704714
704769
704830
705043
705090
705380
705485
705505
705551
705649
705788
705894
705902
705944
706224
706669
706760
706779
706799
706837
706860
707180
707788
707883
708122
708195
708245
708248
708312
708385
708438
708544
708685
708786
709016
709017
709039
709041
709247
709272
709403
709841
709911
709965
710007
710244
710346
710592
710839
711008
711252
711419
711454
711490
711571
711707
711725
711778
711932
711960
712012
712048
712231
712443
712554
712891
712896
712964
713720
713724
713743
713907
714018
714466
714725
714734
714868
714933
715058
715081
715230
715610
715671
715698
715898
716045
716101
716134
716217
716426
716482
716534
716684
716757
717054
717084
717094
717180
717187
717222
717223
717231
717314
717320
717350
717374
717419
717435
717581
717624
717721
717733
718017
718072
718128
718135
718143
718241
718477
718491
718499
718575
718590
718596
718640
718655
718746
719023
719042
719267
719290
719412
719445
719832
719972
720089
720193
720481
720590
720633
720706
720778
720833
720872
720930
720961
720961
721200
721258
721388
721400
721457
721584
721590
721608
721644
721684
721685
721720
721740
721871
721951
722004
722129
722219
722431
722475
722599
722603
722613
722632
722749
722966
723012
723034
723149
723177
723206
723362
723422
723554
723651
723893
723969
723969
723990
724039
724170
724235
724424
724459
724601
724718
724766
724771
724834
724845
724917
725151
725313
725554
725636
725722
725739
725918
726141
726145
726267
726331
726378
726457
726659
726807
726840
726911
726939
726968
726995
727123
727568
727676
727705
727795
727802
727814
727831
727973
728331
728407
728582
728625
728684
728705
728816
729024
729238
729533
729657
729693
729735
730052
730069
730112
730233
730305
730414
730445
730518
730828
730880
731005
731036
731038
731092
731126
731145
731185
731250
731330
731354
731434
731543
731583
731807
732146
732226
732251
732283
732330
732460
732591
732975
733052
733071
733344
733353
733439
733487
733703
733732
733771
733967
733986
734057
734094
734271
734341
734354
734355
734480
734588
734744
734746
734857
735086
735167
735561
735910
735975
736013
736223
736373
736446
736461
736651
736694
736760
736827
736951
736988
737040
737115
737212
737321
737351
737404
737443
737454
737586
737602
737641
737718
737720
737726
737786
737864
737982
738251
738484
738526
738704
738779
739174
739175
739195
739202
739236
739244
739411
739534
739620
739639
739708
739765
739924
739954
740034
740262
740450
740533
740602
740726
740749
740850
740874
741063
741070
741122
741246
741248
741298
741607
742042
742110
742158
742207
742257
742270
742358
742464
742598
742668
742812
742875
743001
743577
743701
743717
743996
744007
744137
744233
744234
744390
744506
744525
744925
744934
744951
744992
745007
745063
745085
745309
745394
745474
745485
745563
745642
745653
745722
745760
745821
745841
746103
746164
746230
746425
746440
746499
746533
746538
746573
746926
746968
747180
747260
747485
747682
747725
747865
747879
747990
748006
748038
748128
748179
748236
748237
748291
748315
748363
748454
748595
748680
749023
749121
749242
749604
750068
750080
750382
750402
750403
750504
750557
750595
750602
750646
750769
750794
750907
751021
751036
751076
751131
751181
751186
751327
751736
751767
752010
752058
752103
752310
752553
752566
752649
752892
752957
753029
753216
753237
753359
753408
753558
753671
753684
753941
754003
754011
754049
754112
754169
754328
754407
754467
754496
754540
754554
754631
754778
754799
754872
755083
755124
755197
755308
755524
755613
755854
755908
755943
756242
756247
756396
756398
756571
756644
756680
756714
756759
756769
756926
757179
757505
757547
757649
757762
757807
757816
757880
757948
758182
758235
758374
758448
758554
758557
758688
758817
758864
758938
759078
759080
759529
759686
759704
759929
760040
760046
760145
760163
760242
760456
760461
760794
760864
760882
760892
760963
760986
761062
761131
761234
761317
761543
761620
761731
761761
761821
761961
761983
761999
762075
762235
762236
762336
762364
762532
762612
762699
762701
762734
762944
763197
763628
763891
764052
764500
764585
764617
764883
764970
765065
765249
765499
765596
765638
765642
765786
765840
765859
765947
765976
766110
766110
766262
766277
766394
766400
766547
766567
766571
766702
766826
766839
767018
767063
767129
767193
767222
767255
767421
767501
767535
767555
767557
767778
767912
767949
768082
768141
768245
768267
768285
768327
768443
768494
768518
768625
768725
768755
768844
768911
768932
769205
769239
769331
769381
769421
769519
769528
769715
770070
770076
770151
770198
770259
770300
770451
770680
770692
771087
771268
771342
771571
771839
771869
772009
772026
772130
772204
772229
772267
772390
772423
772463
772487
772664
772666
772880
772893
773147
773272
773410
773457
773716
773810
773860
773915
773930
773948
774051
774099
774357
774399
774477
774510
774708
774744
775098
775109
775138
775258
775376
775518
775525
775572
775701
775771
776102
776215
776278
776503
776514
776593
776862
776865
776907
777048
777066
777423
777502
777546
777948
778109
778236
778296
778311
778321
778517
778580
778617
778848
778937
779131
779214
779363
779450
779470
779472
779575
779585
779709
780004
780072
780092
780136
780350
780401
780440
780658
780855
781029
781111
781205
781281
781493
781567
782190
782349
782473
782561
782814
782824
782866
783022
783034
783042
783045
783070
783091
783119
783145
783343
783696
783729
783822
783878
783951
784034
784036
784372
784409
784424
784450
784559
784719
784741
785055
785091
785170
785179
785213
785253
785522
785821
785826
785837
785864
786365
786366
786440
786441
786519
786583
786663
786742
786743
786850
786860
787173
787242
787273
787357
787564
787667
787785
787940
787951
787960
787971
788080
788203
788369
788397
788455
788533
788564
788664
788677
788906
788968
789269
789279
789419
789471
789484
789557
789680
789718
790200
790273
790291
790544
790617
790723
790799
790921
791275
791342
791386
791456
791482
791767
791841
791911
792049
792105
792374
792411
792453
792469
792566
792647
792702
792792
792990
793025
793312
793413
793493
793517
793558
793585
793609
793831
793861
793866
793907
794192
794244
794298
794350
794406
794629
795166
795228
795230
795297
795398
795443
795456
795536
795858
796149
796252
796300
796537
796623
796639
796762
796800
796838
796981
797124
797130
797197
797742
797866
797946
798205
798221
798308
798671
798672
798757
798764
798918
798948
799025
799036
799059
799197
799258
799345
799373
799508
799871
799975
800284
800285
800384
800707
800747
800836
800895
800946
801073
801188
801220
801391
801551
801909
801919
801997
802002
802175
802210
802221
802259
802296
802315
802393
802494
802560
802729
802901
802952
802992
802993
803021
803078
803307
803371
803396
803466
803536
803572
803579
803592
803618
803668
803671
803801
804053
804215
804311
804570
804652
804697
804800
804820
805035
805115
805155
805184
805355
805371
805487
805497
805547
805643
805690
805742
805908
806262
806361
806399
806438
806454
806501
806556
806653
806763
806782
807002
807034
807632
807639
807640
807660
807784
807804
807932
807958
808010
808036
808056
808076
808077
808159
808292
808405
808755
808849
809026
809050
809087
809239
809323
809449
809451
809507
809560
809627
809752
809833
809957
809999
810199
810221
810387
810387
810442
810489
810918
811103
811169
811252
811276
811412
811511
811539
811618
811660
811800
811934
812084
812142
812344
812391
812406
812472
812722
812773
813042
813054
813095
813106
813191
813208
813269
813332
813375
813426
813453
813516
813533
813640
813773
813917
814243
814244
814278
814363
814364
814392
814529
814533
814611
814713
814814
815000
815002
815005
815025
815037
815105
815188
815233
815378
815459
815593
815701
816275
816298
816364
816421
816514
816578
816667
816707
816767
817056
817173
817275
817293
817320
817411
817988
818050
818056
818140
818144
818260
818321
818339
818447
818495
818562
818664
818722
818799
819047
819103
819239
819456
819478
819534
819743
819765
819847
819999
820110
820203
820333
820414
820622
820758
820774
820786
821140
821254
821275
821432
821491
822004
822160
822190
822228
822231
822248
822302
822396
822468
822494
822562
822623
822663
822832
822898
822941
823023
823090
823128
823178
823280
823304
823313
823624
823777
823987
824148
824329
824385
824452
824638
824903
824925
825087
825196
825248
825306
825312
825472
825754
825789
825900
825903
826049
826160
826238
826817
826961
827032
827063
827101
827312
827319
827408
827873
827938
828035
828121
828144
828212
828227
828322
828357
828501
828639
828828
829394
829425
829431
829484
829659
829686
829746
829859
829894
829909
830289
830335
830342
830346
830524
830683
830706
830830
830882
830894
830938
830966
831133
831144
831239
831384
831530
831887
831921
832075
832147
832190
832303
832411
832445
832665
832691
832789
832895
833297
833357
833454
833489
833748
833897
833916
834420
834425
834439
834667
834735
834767
834835
834993
835130
835197
835207
835219
835413
835687
835725
835838
835882
836022
836096
836167
836200
836240
836376
836446
836563
836659
836792
836878
836960
837094
837170
837181
837221
837319
837481
837654
837671
837677
837723
837735
837745
837842
837846
837971
838028
838054
838120
838122
838158
838308
838349
838388
838416
838428
838472
838560
838625
838704
838949
839001
839074
839074
839086
839129
839476
839516
839548
839686
839780
839809
839854
839922
840110
840137
840161
840668
840806
841119
841310
841349
841526
841677
841914
841925
841987
842108
842265
842427
842433
842468
842478
842509
842947
842962
843063
843063
843084
843137
843148
843167
843195
843203
843353
843431
843549
843908
843914
843920
844133
844150
844236
844255
844277
844501
844641
844663
844729
844806
844898
844899
844914
844952
845000
845068
845356
845429
846148
846314
846324
846405
846440
846589
846629
846819
847169
847374
847436
847630
847688
847812
847890
848033
848036
848268
848611
848652
848656
848740
848864
848887
848895
849047
849095
849199
849233
849261
849354
849558
849608
849620
849632
849785
849799
849931
850090
850333
850465
850479
850604
850744
850818
850854
850981
851053
851384
851706
851757
851939
852009
852057
852088
852175
852181
852288
852350
852350
852351
852379
852380
852509
852773
852943
853065
853084
853162
853242
853301
853430
853501
853529
853672
853815
853936
854096
854142
854244
854373
854560
854572
854876
855075
855344
855450
855493
855855
855967
856106
856244
856685
856694
856792
856909
856910
857010
857012
857047
857070
857081
857116
857287
857320
857417
857531
857584
857644
857817
857822
857863
857875
857893
858179
858268
858337
858570
859301
859537
859661
859917
860001
860066
860291
860297
860353
860456
860503
860513
860526
860668
860893
860958
861132
861135
861231
861322
861421
861431
861528
861894
862165
862168
862204
862517
862594
862701
862800
862916
863045
863256
863368
863373
863447
863614
863788
864116
864126
864224
864238
864359
864443
864465
864587
864648
864677
864912
864933
865171
865290
865302
865550
865631
865759
865854
865860
865902
866132
866396
866484
866493
866539
866585
866704
866719
866824
866910
866915
866923
866926
867257
867347
867495
867610
867636
867906
868362
868383
868443
868843
868861
868943
869080
869271
869288
869399
869568
869646
869830
870060
870081
870085
870128
870224
870255
870365
870513
870694
870702
870710
870858
870985
871109
871157
871182
871207
871236
871268
871650
871803
871836
872252
872336
872385
872766
872847
872998
873016
873022
873046
873060
873162
873255
873396
873557
873616
873663
873687
873709
873783
873975
873988
874066
874101
874127
874388
874490
874533
874559
874710
874750
874799
874831
874856
874920
875118
875189
875431
875440
875713
875755
876153
876156
876251
876278
876389
876510
876576
876644
876657
876918
876955
876957
877122
877263
877474
877697
877803
877903
878094
878112
878139
878183
878217
878226
878310
878389
878664
878724
878780
878786
878790
878860
879064
879196
879259
879338
879402
879543
879615
879714
879748
879891
880167
880178
880377
880541
880676
880970
881052
881098
881374
881532
881645
881856
881909
882307
882457
882498
882676
882871
882872
882900
882907
882918
882930
882934
883012
883023
883146
883183
883273
883280
883420
883543
883573
883774
883776
883882
883908
883963
884078
884108
884264
884302
884338
884392
884415
884559
884666
884672
884781
885007
885181
885236
885245
885363
885458
885916
885921
885993
886075
886087
886212
886434
886458
886617
886842
887203
887434
887633
887697
887959
887996
888035
888325
888386
888505
888514
888738
888811
888937
889103
889162
889218
889250
889280
889295
889398
889476
890164
890236
890292
890299
890344
890355
890397
890480
890527
890584
890617
890783
890876
890950
891017
891310
891373
891402
891447
891528
891601
891644
892027
892034
892057
892129
892561
892659
892861
892887
893008
893084
893099
893124
893126
893263
893343
893489
893642
893950
894188
894195
894209
894308
894317
894355
894548
894569
894593
894910
895138
895188
895223
895537
895582
895634
895783
895814
895914
896119
896143
896222
896273
896360
896501
896894
896904
897083
897256
897295
897565
897649
897731
897835
898081
898090
898431
898583
898729
898745
898754
898827
898881
899219
899239
899410
899477
899478
899553
899555
900054
900280
900287
900455
900541
900542
900640
900678
900689
900696
900949
900990
901140
901162
901263
901394
901462
901567
901570
901753
901849
901874
901998
902058
902072
902647
902701
902790
902805
902864
902886
903010
903208
903315
903336
903390
903427
903463
903479
903479
903580
903724
903813
903908
904229
904267
904281
904317
904525
904537
904647
904668
904772
904926
904950
905030
905080
905223
905245
905283
905296
905362
905426
905636
905660
905836
905950
905960
905997
906059
906086
906094
906105
906155
906179
906365
906579
906593
906733
906851
906859
906916
907161
907181
907283
907294
907423
907476
907480
907536
907557
907636
907934
908132
908421
908434
908485
908517
908561
908594
908617
908690
908843
908915
908921
909063
909239
909241
909276
909295
909352
909471
909617
909700
909919
909923
909998
910145
910259
910370
910437
910475
910742
910836
910986
911321
911448
911588
911632
911699
912056
912129
912178
912243
912288
912416
912507
912549
912580
913138
913425
913601
913787
913963
914035
914102
914128
914209
914375
914551
914625
914815
914848
915034
915349
915469
915639
915738
915792
916113
916643
916661
916798
916802
916914
917038
917074
917224
917560
917621
917755
917943
917949
918100
918412
918430
918475
918554
918578
918644
918829
918871
919612
919765
919767
920097
920220
920356
920624
920675
920837
920895
920913
920915
920994
921005
921034
921094
921126
921138
921223
921526
921818
921866
921870
921996
922188
922284
922442
922614
922639
922751
922922
922939
922950
923066
923145
923344
923411
923553
923558
923598
923773
923844
923982
924071
924136
924229
924257
924506
924711
924850
925003
925034
925071
925134
925161
925224
925482
925509
925583
925627
925679
925744
925880
925895
926187
926200
926258
926323
926326
926331
926430
926493
926544
926775
926876
926894
926990
927119
927157
927175
927226
927231
927455
927510
927568
927688
928192
928446
928484
928553
928680
928757
928763
928769
928810
928970
928976
929270
929670
929786
929971
930000
930047
930243
930301
930310
930381
930382
930565
930624
930677
930695
930867
930927
930954
931018
931097
931175
931257
931370
931515
931609
931634
931646
931651
931744
931784
931795
931800
931848
932089
932110
932216
932892
932947
933104
933118
933198
933279
933310
933459
933574
933592
933606
933644
933933
934035
934082
934158
934177
934351
934684
935147
935263
935276
935366
935373
935519
935574
935625
935744
935854
935927
936183
936328
936331
936499
936522
936742
936746
936938
936992
937032
937074
937094
937252
937287
937423
937491
937507
937547
937656
937758
937963
938037
938076
938261
938266
938471
938747
938856
938894
938897
938934
938967
939374
939378
939820
939836
939892
939930
939931
940081
940084
940354
940419
940517
940570
940595
940654
940663
940683
940740
940794
940800
940873
941096
941138
941183
941229
941451
941541
941639
941851
941851
941918
941990
942055
942071
942116
942138
942199
942249
942336
942571
942639
942642
942829
942897
942905
942918
943078
943587
943635
943662
943668
943715
943722
943816
943928
943955
943968
944107
944122
944183
944354
944436
944481
944532
944629
944792
944967
944967
945104
945193
945292
945297
945308
945499
945537
945562
945611
945615
945833
945843
945892
945935
945939
946016
946253
946260
946348
946462
946746
947047
947221
947251
947256
947259
947384
947411
947507
947598
947702
947730
947751
947810
948008
948012
948234
948240
948249
948384
948473
948501
948618
948741
948741
948795
948808
948932
948961
949006
949346
949391
949419
949502
949714
950265
950322
950537
950607
950620
950636
950653
950658
950679
950702
950706
950730
950739
950764
950785
950897
951197
951464
951682
951713
951777
951800
951808
952000
952043
952051
952108
952125
952133
952156
952312
952485
952494
952514
952588
952612
952669
952684
952722
953056
953178
953290
953378
953457
953539
953598
954764
954822
954949
955275
955393
955414
955429
955457
955662
955699
955784
955904
955911
956064
956216
956259
956334
956351
956370
956909
956929
957045
957275
957412
957514
957519
957580
957689
957726
957924
958016
958027
958100
958105
958179
958237
958240
958253
958285
958351
958780
958800
959068
959076
959323
959387
959482
959537
959616
959665
959680
959729
959758
959817
959833
959835
959857
959922
959937
960173
960261
960362
960443
960493
960571
960726
960762
960823
960844
961040
961096
961147
961224
961385
961801
961809
961911
961943
962025
962074
962140
962226
962280
962365
962506
962556
962712
962745
962849
962982
963224
963347
963488
963522
963642
963733
963743
963762
963944
964481
964497
964656
964705
964751
965001
965016
965142
965365
965646
965829
965903
966025
966106
966256
966260
966398
966634
966649
966804
966844
966930
966936
967006
967150
967369
967404
967586
967617
967742
967916
967972
968189
968269
968395
968757
968761
968827
968882
968907
969022
969105
969106
969236
969293
969294
969312
969499
969533
970177
970196
970360
970512
970534
970652
970666
970741
970746
970751
970754
970897
970933
971276
971321
971594
971635
971747
971929
971939
971966
971971
972148
972267
972342
972466
972641
972685
972831
972931
972967
973267
973325
973333
973341
973495
973625
973758
973849
973853
973952
974155
974198
974206
974363
974389
974402
974404
974556
974779
974874
975150
975206
975208
975213
975237
975453
975682
975938
975979
976006
976022
976047
976053
976079
976247
976466
976554
976631
977033
977282
977286
977357
977593
977720
977724
977985
978007
978074
978105
978358
978411
978494
978520
978610
978811
978825
978827
979194
979305
979958
980054
980055
980160
980179
980187
980354
980742
980829
981071
981124
981280
981329
981624
981663
981822
981963
982002
982021
982051
982088
982157
982238
982265
982486
982600
982654
982731
982809
982860
982915
982949
983058
983213
983239
983240
983270
983548
983612
983685
983707
983777
983996
984009
984021
984102
984309
984331
984376
984503
984511
984598
984633
984647
984674
984727
984810
985156
985222
985250
985344
985546
985602
985641
985664
985684
985816
985828
985908
985949
986070
986120
986252
986266
986349
986671
986743
986862
986980
987117
987254
987323
987334
987341
987418
987508
987584
987702
987746
987898
987920
988058
988198
988209
988284
988590
988627
988692
988705
988962
988966
989021
989076
989089
989202
989226
989441
989554
989718
989790
989871
989885
990005
990107
990202
990302
990379
990391
990570
990573
990667
991056
991130
991134
991162
991177
991508
991525
991605
991630
991657
991743
991778
992155
992264
992279
992313
992360
992499
992525
992546
992665
992705
992753
992788
992954
993016
993054
993119
993190
993212
993611
993626
993629
993697
993751
993785
994011
994376
994544
994704
994917
994950
995350
995359
995368
995398
995423
995455
995637
995647
995847
995965
996070
996116
996129
996200
996593
996672
997315
997389
997589
997594
997769
997942
998135
998201
998240
998302
998549
998584
998655
998688
998698
998860
999441
999449
999532
999584
999619
999667
999747
999775
999874
999957
999965
