328026
66
71
490
643
728
869
894
974
1035
1191
1258
1332
1506
1598
1754
1818
362837
1998
2038
2042
2317
329555
2472
2475
2476
2537
2585
2789
2937
3081
719023
3145
690782
870513
3216
3247
3291
3422
3441
3442
3448
3489
3503
3720
577280
3750
3862
3900
3945
3961
3969
4075
4116
4245
4284
4535
4570
4595
4622
4736
4794
4837
4851
4922
4928
4944
4946
4957
5206
5266
5412
5414
5558
5603
5769
5770
5776
5868
5897
5919
5998
6223
6224
6270
6336
6442
391728
6490
6494
6556
532660
6598
6655
6932
7059
7062
310449
7077
7155
7228
7300
7387
283308
7456
7539
7614
7650
7653
7780
7815
7827
7901
8057
8066
8169
8208
288766
8250
8313
8633
8903
8939
8999
793866
9139
329719
9319
9642
9942
10204
10206
10287
10336
10375
10573
10623
10684
10725
10810
10838
10981
10991
11054
549406
11078
11133
386956
11207
11265
11306
11351
11388
11411
11855
11982
12014
12055
452532
12302
12350
12460
12488
805908
12644
12666
12757
12770
12811
12881
12906
12994
13149
13206
13333
13380
13418
13617
13656
13672
13705
13743
13747
13762
13774
13807
14013
14352
14423
14486
14505
14663
14839
14930
14975
400562
14995
15082
15256
15277
15614
15657
15687
15694
11265
15785
15966
379229
15990
16209
16307
16441
16488
16663
16676
16688
16693
16694
16821
16884
16938
16958
17078
17408
17416
17443
17458
17618
17678
17716
17824
133819
786860
17859
17873
17879
17999
18075
18101
18602
50353
580666
18628
18768
18822
18850
18989
19014
19129
19354
19363
373453
19711
19770
19814
19942
19959
20158
20251
20427
721388
20926
21003
21101
21210
21340
21373
21617
21683
21698
21746
21953
21981
22058
22116
22126
22143
22182
22263
22368
22389
22467
22546
22648
22671
22765
22967
50948
23043
23050
718072
23172
861421
23313
23421
23438
930000
23517
23660
23693
23905
23950
23975
23992
24033
24176
24343
24561
24872
24876
24963
25013
25029
25280
25470
441698
918430
25605
25727
25814
25855
25877
25982
26025
26040
26053
26167
26218
26240
26300
26494
688419
26535
26588
26609
26722
896894
416000
26764
162459
26920
26938
26951
27098
27291
27294
27427
27485
27488
27609
27816
27833
28223
724459
28434
456755
28441
28461
28588
689056
28676
28749
28760
28778
483948
28817
29146
29303
29324
29424
29923
29993
30096
30182
30363
272800
30427
30514
30635
30801
30807
31046
31081
31101
31164
31212
31235
31403
31457
31510
544156
31756
31765
305026
31779
980354
610122
31813
31828
501733
32266
32287
32342
32349
32903
33007
33201
33334
33445
33509
33527
33648
33697
33712
33722
33831
414617
33851
33920
33942
34043
34181
172843
34209
547435
34302
34350
34404
34446
34800
561158
870985
34852
34886
35366
35394
35535
35711
35755
35774
35803
35836
35927
36138
36166
36287
36374
36380
36428
36471
600929
36658
36713
36735
36941
37110
37333
37592
37699
37726
37797
38057
38091
38144
38359
38482
38623
38776
38816
38952
39031
39096
39114
39159
39210
39280
39453
39505
39538
39581
39639
39672
39711
39809
39813
39814
39967
40201
40407
40444
161796
40558
40566
40680
40803
39096
142650
40813
40896
41074
57154
207401
41112
181179
41185
41263
41352
41627
41662
41733
41952
42006
42093
42171
42280
42342
42537
42736
42778
42778
42831
42846
43027
43087
43155
43269
43410
346774
43444
43526
43546
502963
43649
43719
43907
44150
635633
890783
44171
735975
44225
44286
44340
44414
44465
44543
44725
44792
45003
228784
45163
45180
45342
45366
45381
45453
45462
45511
45560
45639
45666
45702
45718
45760
45940
46314
46515
46540
46738
46770
46786
46926
46964
46971
622568
47012
47106
47410
47451
47748
47809
47860
47890
199412
47941
47987
48012
48049
48138
48182
48183
48248
188726
48441
48593
48634
48642
48644
48751
48843
49125
49129
49131
49231
49295
49314
77766
49566
520317
49856
50163
50293
50302
878094
50353
50413
759929
50618
50722
50948
50966
50992
51014
51179
51239
51265
51344
51392
51451
51756
51901
51902
51912
51919
52102
52217
52235
52331
52353
52360
52366
52372
52561
52699
52717
52752
52788
52846
52950
53363
53369
53588
53693
53799
54016
54229
54450
720590
54479
54493
981822
54642
114136
54654
54878
54941
55200
55262
55456
55478
55484
55527
55562
55654
55655
137482
55749
55822
55822
55843
55844
802993
55905
55937
56252
56357
56368
56677
56855
56869
56870
56921
56957
57042
57060
57154
939836
57239
57250
57370
57388
57428
447368
57614
556556
57658
58047
58099
58194
58256
58286
58288
58291
58449
871236
197369
58465
58535
58735
58792
58828
58844
58989
59169
59198
59234
59389
59688
890617
59706
59821
59867
59912
59978
60137
60698
60844
60846
60864
60914
61129
61135
61250
61413
61626
61736
61739
61752
61797
61993
62215
62258
62810
870081
63074
63088
63153
63176
63236
63279
974779
63286
63329
63524
63539
63540
63543
63549
672541
63603
63674
63744
63825
269412
64167
64268
64308
64343
64358
64376
64531
64722
64886
64956
65238
65277
65349
65530
65639
65829
65868
65956
65957
66024
66191
66402
66495
66504
66651
66728
66733
66969
67174
67487
67549
67579
67614
726807
67670
67677
67677
67748
67999
68016
68080
68127
739175
68142
68233
164601
68252
68654
68663
68740
68746
68931
68975
677968
69192
69231
69238
69283
69514
69533
69697
69715
69896
69907
70075
222809
63074
70388
70436
214503
70466
637541
664833
70585
71214
71295
71330
71346
71450
71496
71682
71828
71958
71992
72166
72210
72368
72520
72552
72648
72801
72928
72977
816667
833357
73366
73456
73680
73701
73881
74000
74050
74066
74284
74464
74964
75027
75140
75218
75262
75310
75337
75411
75431
75528
75715
75976
87501
76103
76107
76161
76259
76534
76567
76684
76687
76728
76788
76906
76911
77100
801220
77133
77206
77224
77317
77457
77534
77634
478650
77766
77820
77918
78021
78040
78063
78255
78381
78655
78663
78724
691152
78789
79214
79268
79333
79373
79395
79592
79620
79647
79680
970534
79705
765976
79760
79796
79836
79862
79876
79953
80031
80040
80111
346455
80232
80245
80286
80628
688038
80676
80905
81039
81062
575718
81064
81265
81484
81592
81620
81646
81715
161954
81822
81856
81965
170137
82036
82096
82141
578415
82148
364508
82191
82251
938856
82357
82629
1754
82867
83019
83029
83049
83103
83211
83275
656851
83291
83383
83385
83416
83649
65868
83876
83998
84022
84210
84312
84394
84400
84461
84854
85118
85126
650352
85138
85158
85163
85174
85261
85351
85422
85498
85614
85653
85713
85816
86100
86126
86147
86147
86231
86681
86704
86760
86826
86860
5603
133034
87110
931651
92005
87318
87324
87359
87362
87475
87501
87514
87601
87791
87831
87931
87990
88024
88050
88072
88328
88445
88453
88672
88708
88784
88791
554479
88982
89012
89102
89114
174600
189079
89297
89359
89389
89504
89514
89577
89671
89779
89785
89827
90015
90061
90716
90814
90918
408547
90944
90968
91149
91659
91804
335547
91872
91873
151480
91947
92000
92005
92026
92083
92180
92197
92283
92405
92591
92912
93092
93234
613965
93308
93361
93367
336773
93382
93402
93597
93647
93710
93795
94020
94100
94233
94456
94463
94556
94672
94684
94685
94716
94753
94879
94893
95054
95356
95593
95927
96159
96265
96292
96303
96555
96663
96709
97072
97095
97563
97575
427096
97788
98110
98166
98221
98267
108748
98314
98734
98847
98849
98849
429405
98927
99302
99443
99504
99603
99734
99828
30635
99923
99952
100251
100294
100336
100355
482818
100468
100612
100701
100812
100996
101176
101282
101494
101540
101550
101604
101846
101878
101947
102297
102310
102338
102340
102424
102489
102568
102601
102691
177864
102808
266593
102892
103022
750769
103128
103230
103361
700306
103482
103877
103903
103948
104172
525116
104197
104271
104357
16693
104361
104444
104467
104569
104600
104696
104841
105094
105179
105379
105536
834667
105576
105596
105633
159872
105634
105795
105828
105925
106069
106163
106193
106203
106377
563457
106424
106527
106633
106699
106905
107003
107182
107217
107225
107277
107363
107609
107722
68016
107994
108333
108365
108448
108513
108632
108696
108706
108748
109095
109097
109213
109289
109420
109845
110168
679904
110191
110235
110246
110599
110607
110788
231709
110876
110931
111179
817411
626980
111276
111620
111626
111979
112023
112041
112228
112240
112437
112510
112786
112795
113120
113157
745653
113331
113460
113512
113531
113647
113843
113967
114136
114193
114450
974874
843908
114629
114658
114752
114760
114807
114814
114916
114975
115005
115115
115185
115227
115258
115289
115380
115548
115630
115636
115667
115748
733353
115755
115757
115828
115855
115886
116020
116149
116287
116319
116332
116359
116393
116462
116611
116701
116842
117004
117032
117043
722129
117052
117077
117275
117276
29923
117332
553893
117426
117458
117467
117487
117717
118281
118328
118694
118717
118750
822228
339392
118874
119005
119127
119159
119203
119262
119334
119396
119423
119483
119602
119818
119999
120027
120224
120343
120347
120361
120392
120602
120607
121060
121099
121160
121276
121461
121656
121675
255577
121853
121862
122084
122100
122118
122225
122257
122395
122460
122600
744992
122716
122761
122941
123096
123101
123175
123321
123471
123624
123652
582177
123666
123776
123788
123815
124033
124132
124251
732251
124265
124393
124509
124634
124930
124984
125004
125203
125262
125312
125315
125576
125685
125695
125808
125830
125893
125905
125969
125976
924071
125991
126090
126230
504821
126316
126577
126627
126643
126791
126878
126884
126959
127008
127133
689499
127395
127441
127740
127812
683894
127821
127876
393513
753684
127904
128071
128244
243719
128247
128448
128449
128520
128571
128805
128842
129014
414759
129068
129186
129288
870365
705944
129318
129403
129409
129422
324263
129661
129676
129767
129867
129961
130020
130090
130193
130310
130508
233296
790921
130560
130643
130849
130859
130890
131113
131301
131345
131411
131493
131535
131814
131815
131823
131842
131852
131944
132113
132170
132225
132293
132312
132561
132568
132584
132603
132658
132747
132933
133034
133117
133230
133288
133544
133681
133787
133819
133997
598577
134057
134099
670021
134182
134190
134240
134330
134407
330367
134726
134758
134769
945499
134949
135204
135399
135664
135675
135859
136183
86147
136592
136643
136777
137031
643332
137105
137239
137240
137280
137338
137482
137555
137586
137606
137621
137715
137722
137738
137765
137796
137875
137976
138015
138088
178609
138289
138771
138954
139022
278991
139048
139078
139175
139387
139818
139986
140366
140409
140460
140466
172151
140474
140555
140565
171551
140694
140843
140971
141014
141052
141058
141133
432031
141243
141263
141271
190802
141382
141446
141475
141493
141548
141559
141584
141761
141789
141820
141826
141842
141929
142158
142352
142360
142369
142454
142595
142623
142650
142677
142831
142872
142956
143010
143144
143220
143298
143334
143368
143397
143428
143440
143657
143741
143770
143807
143917
143926
143988
144216
144291
144311
144345
141446
144373
144514
144517
144529
144584
144632
144666
145185
145203
145299
145307
145606
146170
510013
146200
146245
146287
146398
146462
146659
146683
146796
146875
146888
340280
147051
147099
147230
147265
147314
147453
147492
568337
147531
147548
147555
147732
147744
147746
147869
148001
148009
397122
148076
148089
148298
389973
148373
148400
148404
148449
148483
148501
148522
148804
149034
149364
149496
149609
567484
149618
149705
149890
149979
150008
991657
150042
150162
372900
150426
150455
150518
150559
150573
150620
150633
150704
150896
151053
151114
151238
151480
151513
151522
151579
151584
151734
151890
152353
152398
152412
152444
152477
152491
152525
307345
152535
152557
152598
899477
891310
152602
152716
152829
152955
290070
153072
153095
153097
153146
153191
153349
153768
153784
153868
153936
153943
154227
154306
154428
154497
154581
154598
479235
154788
154987
155028
155070
155226
155542
155927
155977
156036
156199
156396
156428
157083
157331
157404
157446
157514
157591
157787
157892
157895
157949
158021
158060
158178
737864
603398
722613
904926
158299
158536
158600
8169
158663
158811
159139
159190
159261
159263
159299
159397
159428
159514
159536
159704
159824
159857
159857
159872
159894
160531
160655
160772
160884
160973
161338
161497
161539
161560
500581
161622
161680
161698
161787
161796
161954
161994
162174
162175
162194
162329
162355
7780
162459
278804
162485
162584
162602
162739
162785
163071
163094
163094
163190
163257
163272
163297
163507
163655
163860
164035
164087
164156
164297
164340
164370
164493
164601
164631
164794
164887
165045
165177
165572
165655
165676
165901
166058
166063
166067
166242
166243
166345
166454
166703
166730
166899
166952
166996
167092
285812
167295
167372
167394
167458
767949
167503
167529
168004
168171
168207
168216
39809
168250
168672
168828
169191
169299
169321
169503
430569
169516
169517
592477
169532
169558
169819
169945
170000
170025
170040
170137
170205
170248
170375
170685
170787
170986
171017
171068
171113
171155
171268
99603
171302
171488
171502
171537
171551
171750
171804
171865
171902
172112
172151
172185
172563
975206
931848
172664
601443
104696
172667
172843
172878
172944
173139
173221
173234
173385
173408
173438
173497
174025
174106
174354
174455
174481
174569
174600
688131
174940
174945
380184
174960
175004
175131
175482
175636
175805
175898
469457
176082
176115
597926
176121
176220
176291
176343
176395
176453
176455
176458
176469
288684
176506
176939
226346
176993
177217
177283
177312
177359
177549
177682
380901
177711
177864
177884
178055
178082
178126
178140
178140
104600
765596
178294
178302
178469
178609
178633
178830
178916
178962
178981
179140
179198
179277
179507
179551
179551
179646
179850
180180
180232
180233
180258
180618
180862
180942
181013
181052
181135
181179
181537
181745
181823
377536
182202
182360
182491
234364
182689
182744
182785
182926
182969
183002
183142
183256
183259
183262
183292
183316
183327
183447
183518
183557
807958
183571
183625
464015
183678
183768
183945
184110
184156
184241
184252
184432
184466
918554
184544
184599
184615
184643
184722
184898
184909
185004
185013
185155
185447
185481
185666
949714
185700
185752
186069
186079
186127
186201
186238
186354
186362
186389
186430
186479
108333
186540
186547
186665
186838
186854
186918
186932
186955
186989
187119
50302
187186
187205
187240
187517
330134
187614
187656
187723
187733
187809
187948
188295
188479
243626
188504
188541
188621
188693
188726
188886
188961
188976
189079
189190
189198
189219
189345
189431
189563
189762
189765
190111
190228
829686
190447
190478
190527
190539
190555
190599
190676
190677
190730
190802
190808
190980
190990
191046
191067
191067
191157
191210
191295
191399
191417
191483
191496
191596
191630
191765
191794
256249
191878
191890
191983
192156
192202
192211
192325
192546
192551
192700
192919
192946
192992
193251
193267
193362
193415
193475
435959
193543
671996
193549
193595
193611
193625
193679
193689
193790
193901
193959
193967
193984
194201
194341
194527
607194
194588
194635
194829
707788
194974
195007
818321
195397
195516
195522
195654
195672
195911
196088
196254
196364
196408
196443
196603
196874
196897
196927
418173
197031
197045
197121
197259
197264
197369
197592
197666
197680
197899
198149
198259
198316
199131
199162
199323
199412
199472
199581
199652
199899
200134
200168
200206
200826
200969
200974
201074
201270
201429
201484
201511
201538
201630
201705
201766
201900
201939
201957
201988
202186
202341
905960
202389
202614
202620
202640
202699
202805
202817
202862
202932
716482
202937
203268
203413
203420
203420
203551
203606
203624
203648
203657
203695
203854
203885
204205
204310
204411
204482
205001
205080
205181
205227
650779
205322
205335
205358
205567
205579
205593
205638
205765
205889
205945
205967
206122
206243
206359
206390
206625
206657
206706
206731
6556
206748
206828
206877
569855
206935
207295
207310
207324
207357
207400
207401
207421
71
207429
207506
207540
207698
301693
207782
207847
208235
208323
522423
208353
208538
473352
208547
208726
209198
209333
209425
209457
209587
209683
209752
209826
209840
210164
210172
210264
210617
210642
210708
210841
211414
211446
211518
211582
211671
211715
211718
211765
212085
212286
212440
212491
212520
212538
212550
212636
212688
212997
213010
213110
213116
213157
213162
213226
870710
213232
213382
213586
213598
213680
865290
213697
213799
213811
213992
214154
214214
214324
214476
214490
214503
214629
214674
214826
214836
214875
214913
342260
215028
215225
215238
215289
215420
215486
268462
215512
721740
215587
215630
215667
130310
215712
215745
215953
216091
36138
216099
216122
216162
216164
216182
216195
216261
216308
216919
216937
217273
217285
217492
217642
217778
982238
217966
218013
218136
218466
218592
218717
218858
218966
219124
219451
219642
219693
219730
219755
219865
220167
406759
220441
220496
220645
221272
221458
221460
221661
221860
222029
222220
756680
222456
222481
222487
222516
222538
222596
222659
222661
222685
222764
222809
222820
223185
223465
223857
223894
223914
224071
224476
224479
224624
224721
224736
224893
347551
225085
225224
225283
225541
225748
225927
225985
226037
226177
226188
226190
226346
226359
226389
226408
226431
226475
226762
254412
855075
226970
227102
227144
227231
227278
227318
227342
227385
407736
227393
227417
227450
227646
227648
227670
227726
228133
228419
228485
228697
729533
228726
228778
228784
228836
228966
228984
814611
229060
229108
537528
229342
229362
229387
229520
229635
229693
229736
229854
791841
229859
229901
202805
230056
230120
230262
230361
230450
230595
717084
230635
230740
230777
984009
230789
230852
231011
231036
231073
231114
231171
231201
468728
231391
231521
231537
231562
231592
231709
231712
231726
232085
232099
232173
232639
232773
232913
232926
233011
233057
233118
576448
233174
233198
233296
233317
233395
233551
233660
233737
233873
234013
234191
289288
234283
772267
234364
234497
234523
234575
234639
234642
234779
235050
235176
235279
235540
235606
541451
749242
448120
235654
235698
235698
235709
235831
235895
235959
236045
236054
335883
236214
236422
236454
236539
236582
106527
236665
236667
236738
236902
236925
237157
237247
237311
237321
237330
237339
237377
237404
237682
237684
237751
237929
237974
238107
238165
238283
696018
238441
238464
238531
238795
238978
239070
239105
239164
239192
239229
239293
239294
311548
239418
239735
239767
239779
239803
239844
239911
239917
672343
240041
240270
240367
397890
240574
284412
29303
240654
240677
930243
240981
241092
241107
241169
241175
712964
241245
241446
241517
241544
242249
242447
242511
242542
242593
242696
242696
242806
242880
243028
243119
243131
243140
243201
243328
243369
243375
243452
243485
243619
243626
243669
600239
243719
243827
243832
244461
244511
244628
244672
244888
244909
244952
697864
244995
245205
245245
245309
245311
245543
245675
245746
246052
246071
246131
246321
246333
246353
246398
246751
246775
247038
247164
247231
247277
247379
247392
247483
247505
247507
247536
247957
248050
248146
248165
248177
248246
248629
248670
248819
248922
249070
249074
249215
249248
249309
249345
249519
249534
249636
249856
793907
249973
250653
250782
250932
251003
251331
251364
251444
251955
252020
252261
432989
252286
252288
252308
461792
252468
252534
252539
252676
252719
252879
252889
252943
253072
253476
253532
253581
253650
253764
253893
253975
254037
254047
254111
254186
254199
254412
254556
254604
254658
254897
254928
254929
254989
255050
255106
255302
255406
255458
255481
255508
255522
255548
255554
255577
663873
255681
256062
256087
256212
256249
256490
256622
256642
205579
256709
256726
256734
256932
257063
179198
257252
257509
257755
258091
258112
258156
142956
258300
258476
258565
258657
586295
258717
258793
258936
258968
259031
259180
927119
259479
259550
259587
259758
259782
259988
260148
260290
260548
260579
260952
260980
519291
261052
261118
261315
261436
261719
262053
510853
262112
279124
262129
262230
262270
262362
262482
262518
262731
262789
262943
262944
263049
263052
263178
263258
263435
263460
263497
263583
263594
263691
263712
263787
263820
263877
263988
264149
264203
264361
264362
667740
264372
264472
264475
264504
264763
264865
264909
265148
265178
265301
265306
265490
265543
745722
265593
265600
265644
265674
265846
266025
266073
266115
266169
266253
266378
266497
266593
266631
266714
266753
215225
266980
266996
267042
267332
267385
267425
267459
267525
267560
267740
267779
267792
267817
267927
268017
268106
268348
268462
268647
268877
269035
269046
269290
269330
269367
269412
269534
269535
269541
269601
269765
269892
269960
270098
270106
270194
270417
270518
270611
270691
270886
270922
629209
430052
270933
271087
271104
271124
271426
271472
272063
272092
272099
272113
272118
272177
272593
272635
272750
272800
272840
272977
273062
382462
273176
273218
273235
273298
273475
273988
274044
274066
274300
274314
274420
274508
274539
274621
274666
274821
275055
275061
275105
275209
275244
275279
275280
275368
275478
275541
275619
275674
275696
275717
275717
275775
275814
275913
275918
276126
276546
783951
276554
276906
142369
276963
277079
277135
277331
277338
277472
557836
277812
277854
277854
277948
987323
278134
278194
278388
278538
278670
278676
278707
278745
278804
278845
412674
278857
278867
278921
278991
279124
279460
279684
279689
279736
280021
280493
280537
280543
280578
857417
280953
281070
281133
281240
281320
281436
281484
281505
281634
281706
281781
281865
282056
282329
282358
925134
282381
282432
952684
282439
282479
282631
282782
282853
282882
282882
283113
283230
283308
283356
283508
283708
283795
283820
283908
284019
284094
284178
284203
284392
284412
284432
284450
284537
457731
284547
284709
284764
284860
284885
284895
284895
285215
285451
285492
285586
285812
285858
286043
286176
286467
286495
252879
286711
272840
286784
772026
286790
286819
286849
286897
287215
287232
287316
287352
287528
287704
287781
287791
287856
612382
287902
287912
288023
288054
288139
288202
288608
288654
288684
203413
288686
876955
288725
288766
288961
289076
289288
289336
289568
289575
239294
289821
289891
290070
290083
290156
290264
290415
290473
290568
290759
290767
290922
290998
291133
291299
291398
291512
291673
291710
291784
291801
292050
292063
292068
69238
199162
288654
292136
292158
292477
292526
292649
292690
292739
292814
293068
293416
293554
293767
293955
293968
294361
294429
294678
294759
294764
342611
639983
294812
294833
295096
676310
295381
295550
295627
295696
295761
295862
295871
295961
296029
296049
296073
296170
296354
296469
296569
296838
296868
296996
297132
297167
297213
297286
297323
297401
297452
297480
602485
297635
297637
297665
297762
297965
297977
965646
298004
298121
298254
450731
298444
298446
298470
298542
298550
3945
298555
298677
298697
298744
298771
298802
633291
298826
298847
299178
299399
299421
299458
299480
299496
299589
299625
299634
299683
299705
299719
635109
299882
299891
299920
300120
300169
300211
300273
300635
300665
300776
300874
300992
301214
301222
301322
982088
301327
301362
301441
301590
301671
301693
301876
301892
301922
302111
302153
302165
302215
302219
302253
302305
92180
302363
302455
302468
302724
303008
303008
303313
303365
78255
303655
303667
303719
303753
370112
303846
304005
304060
542241
304115
304119
304208
304228
718491
304406
304557
304605
304659
305026
305061
305092
305164
536904
305165
305372
305422
305580
305715
305878
305897
305897
306008
306112
306222
306247
306361
306636
306839
307193
570758
307207
307218
307345
307511
307522
307599
307753
307782
308060
308067
308188
308286
804820
308448
308633
308635
308659
80905
308966
503746
904317
309015
507193
309200
309433
309545
173385
309577
745760
309597
309645
309649
310128
310449
336227
310474
310624
310957
311021
311063
311469
311548
311579
311685
311735
311741
311809
311954
312256
312264
312327
312364
312480
312500
312524
312556
312565
312753
312756
312831
376123
312874
312923
814278
312953
312965
313214
313241
313345
313448
313574
313591
956216
313592
313610
313663
313725
313801
313873
41185
313889
313932
314048
314055
314072
314116
314201
314739
314919
314974
315044
315117
553945
315190
315263
315320
315333
315584
315614
315770
315955
344681
316176
316280
316286
316293
316604
316672
316698
316796
128842
316820
316853
316894
317022
317062
317088
317370
317396
317399
317511
317592
317599
317815
317819
318002
318118
318142
318234
318236
318251
318315
318317
318484
318522
318554
318653
601473
318896
318919
318947
319001
319003
319117
319118
357712
319265
319433
529944
319627
319817
320098
320118
320163
320186
320771
320820
320892
321063
321094
321332
321410
321412
321468
321885
322128
322177
322250
629454
322387
322550
322567
322865
322901
322906
322940
323069
323199
323237
323340
323423
323470
323616
323783
324263
324400
324426
324477
324512
324706
324775
324936
325010
325209
325584
325874
326378
326390
326447
326458
326473
326503
326609
326771
326940
326955
327029
327041
327138
43027
327250
327331
327389
327588
327589
327981
328026
328121
328173
328427
328497
328502
328662
328726
328815
329106
329121
329211
329270
329310
329337
329340
329518
874920
329555
329614
329701
329719
329728
329747
329961
252308
330093
330134
330309
330367
628637
330483
330498
330585
330611
215420
331934
330617
330791
461966
330797
330843
331426
331532
331533
331762
331776
331786
87362
331934
331975
332056
333878
154987
332145
332184
332492
332656
171902
332878
333083
333086
333359
333672
333794
311741
333830
333834
333834
333878
333966
334076
334161
334469
334506
334570
334669
334749
334924
166730
334976
335300
335329
335547
335550
335864
335870
335883
336007
359447
336163
336227
336376
336483
336535
336566
336575
231114
336695
336702
336753
336773
336873
336884
337029
337031
337089
337098
337510
337863
683064
337928
338012
70466
338139
172112
338346
338585
338618
338649
338675
338892
339083
339093
339264
211718
260290
339307
339329
339359
339364
339392
339423
339459
339557
339645
339664
339664
339779
340244
340280
500248
340296
340347
340403
340485
325584
340717
96663
340803
340886
340892
341057
341091
341167
341227
341350
341438
341862
341867
341938
341953
342004
342016
342076
342260
342280
795166
342360
612659
115755
342391
342611
342678
342701
983058
311809
342731
342790
342968
439259
343224
343277
343427
343432
343447
343581
326390
343581
726331
343968
343991
344004
344048
815037
344263
856910
344396
344498
344653
344681
344894
344896
344960
345141
345341
345503
382355
345589
345602
345659
345965
346103
346381
346455
175636
346483
346559
346774
202932
179551
346821
346864
347077
347090
347162
347551
347614
347712
347766
348050
348107
348246
348349
348404
369771
348669
348884
348936
302153
349035
349444
350275
350293
350312
882457
350398
350416
350432
350470
350579
815188
350704
350710
350811
350829
350961
350975
351297
351362
351383
772229
338585
351533
501544
352062
352579
352635
352649
352712
352994
353032
353057
353072
693315
222820
353185
353293
353324
353578
353646
353654
353684
353855
353921
354025
354046
354129
354143
354167
354302
354354
354444
354445
847436
354449
211715
354994
397055
355009
355207
355330
355460
355476
355501
355609
355914
355942
356120
356279
208538
356321
356322
356348
356567
356705
356865
357067
357218
357568
63279
357605
357677
357711
357712
357737
357913
357986
358195
358246
358263
358288
358362
358858
358859
358938
359048
359055
359167
359276
359447
359479
359518
359522
359534
359671
360430
360508
822248
360564
360683
409243
360732
360797
360842
323340
361082
633604
361180
361190
476179
361220
361275
361327
84022
361484
361501
361501
361568
361840
361843
361877
362271
362318
362395
362431
362449
362460
362638
362785
362837
362842
362863
362878
362916
362956
363261
363301
363347
363509
363559
363569
363722
364125
364346
364362
364413
364430
364482
364487
364508
364521
364596
364630
364862
364975
365048
365285
365309
365315
365647
365847
365873
366092
366097
366111
326473
366232
366373
366421
366833
366849
366972
367027
367344
367345
367584
367844
367953
368075
368118
368161
368218
368228
368409
368696
368822
368946
369220
65957
369436
369460
369485
369505
369539
369621
369643
369764
369771
369893
369916
370112
370178
370430
370551
370617
370654
370771
370783
370899
371560
371641
211671
371663
371803
371965
372111
372117
372232
372271
819765
372383
372512
372538
372583
372622
372711
372720
372735
372889
372900
372981
291710
372985
405603
373131
373152
373453
373502
126643
373517
373556
373755
72977
373862
373914
374111
374261
374291
374345
374526
539647
374554
374579
374617
374742
374833
374844
375114
375201
375295
375321
375350
375504
375623
375645
375667
375711
375774
375797
376077
375897
375915
376053
376077
376123
262943
907181
376249
376274
376536
376602
376682
376691
376847
376915
728684
377032
377050
950679
377167
377230
377252
377326
377536
377647
377861
377938
378252
378508
378591
707180
378607
378696
378868
378922
378974
379208
379229
379438
379508
379629
379648
379677
509463
379721
380184
380195
380319
380343
380627
380628
380901
381296
381509
381724
382008
382218
382355
382462
480685
382839
382981
383162
383464
384020
950658
384170
384220
384431
472839
384519
384576
777502
384651
384653
384680
384813
384964
384983
385029
385069
385224
385282
385484
665357
385500
385515
385523
385611
385768
385769
385947
386042
386058
386067
227726
386091
386286
386348
386380
386516
386526
386577
386603
386956
386962
387080
387101
387107
387165
387514
387692
387877
387880
388056
388067
388108
388116
388148
388396
388469
388536
388582
388684
388721
388893
389090
201988
389294
389318
389377
389487
389524
389549
389600
389911
389946
389973
390256
390363
390439
390568
390804
390804
390952
391099
391197
391270
391357
391394
391581
391645
391714
391728
391828
631747
391859
391953
391956
392121
392289
392364
392476
392659
392755
392898
393201
393224
393267
393341
393357
393487
393513
393600
393646
393759
393801
393802
393966
394113
394384
394552
394606
394691
34302
394807
394878
394896
394901
395050
395138
395242
395376
395407
555302
395684
396018
396045
396354
396378
396462
396490
396583
396638
396753
396771
396797
590366
396801
396922
396925
397017
397047
397055
397122
44150
397251
397579
397710
397758
397758
397830
397890
397972
398072
398181
398211
398401
398407
398475
398513
398579
398655
398796
399051
399088
399104
399150
399152
399284
399468
243452
399470
873022
399500
399559
399566
197680
399583
399702
399857
399967
400014
3081
400025
400040
400040
400102
400258
400397
400404
400469
400562
400617
400691
400850
400901
400902
400926
401028
401350
401358
401458
401545
401623
402359
402404
402516
402763
402791
402895
402983
402993
403006
403027
403029
403075
403082
403153
403189
403218
403306
403335
403378
403978
403980
404038
404057
404163
404191
533709
404278
404279
404386
404390
404417
404536
679417
404552
404560
404632
222220
404664
404761
404976
313241
405080
405128
405379
405530
405552
405603
405628
405758
947259
405793
405826
405832
405849
406019
406064
406355
406377
406403
406497
406587
406611
406706
406759
406916
406965
407218
407288
407320
407323
403075
407327
407337
407391
407489
407736
407807
407913
407941
408134
408143
408428
408448
408456
408486
408547
408689
408712
177711
408735
408880
408953
409038
409045
522250
409150
409169
409201
409243
409264
409282
409651
409707
409745
409892
409970
409993
410051
410135
410522
74964
410535
410768
410862
586103
410872
410899
410908
411179
411219
758374
411292
411307
411499
411634
411648
411803
411819
411941
587969
411963
412041
412200
982949
412392
412400
846405
412488
412590
412674
412684
413109
413180
413198
413434
413484
413490
413855
414031
414118
414194
414264
414348
414398
579071
414441
414566
571448
414617
414669
414755
414759
414837
414927
415088
415190
415441
415673
415745
415877
415958
416000
416007
416103
416395
416549
416633
416902
416906
416929
417110
417167
417171
417241
418061
418173
418308
418374
418734
419053
419079
419255
419318
419385
419556
419641
318919
419863
420299
420570
420606
420670
420729
420776
420973
421043
421043
421095
421152
421295
421302
421323
421384
421432
421434
421508
421617
421642
421675
421759
421763
421845
336483
421915
422000
422009
422142
422163
422173
760163
422256
422348
422598
422706
422819
422879
422974
423185
423223
423594
423680
423848
423908
424016
424126
424561
424563
424596
424603
424640
424937
424939
425022
425169
425249
425249
425272
425400
425467
425860
425897
425897
425986
426172
426187
426325
426431
426460
426486
426490
426519
426547
426558
531714
426742
426838
427002
427076
427096
427139
427191
427196
427286
427320
427410
427450
427547
427584
427650
427688
427813
427820
427970
428081
428426
428444
206657
428481
428505
428513
428590
428620
428674
428686
428737
428802
428851
429000
429050
853501
429163
429402
429405
429469
429469
429576
429648
429656
336163
429734
429785
429822
429927
430052
430171
430198
430262
430276
430555
485714
430569
430788
430795
430800
430824
430864
430899
596725
430955
431285
431326
431456
431646
431665
431728
431888
431915
431921
432031
432104
432172
773716
432213
432414
432419
432460
432676
432683
432776
432941
432989
433171
433279
433315
433430
433439
313574
433513
307782
433551
433584
433713
433926
434023
434088
434301
434334
434338
434338
434341
434410
434628
434645
434656
434838
434858
339664
435347
435499
435624
435721
435751
435774
435866
435959
435979
436012
436067
436067
436154
436168
436264
436359
436394
436470
436488
436532
436563
436572
436818
436826
436844
436913
437186
437270
437353
437407
437650
437678
437687
437880
437999
438042
438082
438209
438403
438484
438510
557806
438528
438536
438601
512703
438689
438919
439044
509608
439259
439290
439556
612375
439654
439722
439883
439972
440430
440722
440805
440926
440940
440977
440993
441091
441186
441258
441277
3720
441297
441301
441504
441572
441603
441698
441912
492072
441937
441968
441979
148298
442102
442142
77133
442212
442233
442382
442567
442574
442626
442671
442680
590464
443227
279736
443374
443514
443575
443720
443801
443872
443883
443915
444150
444285
444295
444303
544504
444334
444567
444591
444880
444939
445098
445320
445338
445360
445445
445557
445640
544560
867636
445677
445747
445849
445885
445983
446007
446061
446084
446297
446339
446352
996116
446424
446479
446551
446635
446743
446833
895537
96303
446936
446950
447000
447021
447155
447182
447201
447213
447273
447368
447821
447854
447898
447930
448091
687714
448109
448120
448166
448521
448928
448977
449057
449100
449297
449349
449409
936331
449443
449522
283820
449627
449688
449858
450094
450205
450239
450330
890164
450361
450372
450398
450517
265301
240654
506111
450654
450731
450812
450889
451010
451051
451171
451247
451419
451579
451609
451641
900689
451688
451772
451775
452078
452272
452310
452532
453109
453121
453170
453296
453436
453496
453555
453657
272177
453736
453747
453867
889250
453901
783696
453933
453950
454140
454163
454410
454454
454480
454504
454737
454830
454851
962982
455131
959537
647192
911699
455303
455351
455402
455459
898754
455500
455698
455760
456027
456041
456138
456180
456211
456300
237929
456409
456420
508849
123096
456487
456570
456755
456844
456886
456890
456924
457023
457134
457149
457537
457625
457731
457791
457953
458295
458369
458642
458692
458748
458783
458829
459002
459083
459091
459116
459121
459315
459336
563831
459407
459459
459522
459559
459885
459946
460033
460062
667792
460116
460151
460204
460306
460314
460330
460374
460466
460488
460509
460845
460866
460893
460933
663700
460941
461005
461050
461162
461192
461219
461235
461247
461329
461442
461618
461630
461690
461792
461966
462145
462153
462419
689603
462442
462446
462464
462545
462672
462701
462702
108696
463279
463595
463873
463897
463919
924136
463926
464015
464103
464105
560713
464141
464201
464259
464276
464335
464386
464416
569967
464440
971971
464508
464794
464960
464979
464980
465214
465233
465314
465362
465368
465399
465529
465562
465644
465776
465848
465849
465855
465914
466005
466132
830706
466202
466390
466413
466421
466435
466474
466585
466746
466880
467194
467312
83385
467402
467457
467471
712231
405379
467509
467864
467877
467899
468166
468237
468351
468444
468526
468676
468728
468731
468742
468884
923145
468939
475992
468958
469178
469233
469444
469457
469588
469797
470204
470242
470372
589081
470448
72801
470629
470637
470746
470843
436394
471007
471186
471282
471479
471566
471588
471734
471810
562548
471874
471887
472088
472128
472309
316672
281133
472601
472704
472739
936328
472788
472839
473260
473352
473444
473557
473583
473585
473790
473941
474031
474040
474055
474125
474194
474236
68127
474249
474283
474814
474913
102338
474978
474984
475038
475305
475386
475421
133117
475445
475521
475743
475750
475812
475896
475992
476042
476179
674794
848033
476237
476243
476314
476327
476422
476577
476647
476872
476964
476965
476981
477221
477239
477505
477944
478053
478177
478220
478250
563857
478251
478319
478394
478432
478444
679042
478508
478543
478563
478611
478615
478650
364596
429656
479049
479093
479168
479171
479235
479248
479257
479371
479443
479576
479590
479775
479802
479812
480134
480283
480457
480511
480526
643786
480685
480727
480849
480883
480891
480937
480972
481013
481190
481294
481430
481456
481497
481595
481681
481684
481748
481751
481940
481979
462702
482043
482090
482191
998135
482224
482292
482463
482555
116393
482587
482614
482692
482818
482941
482991
483131
483146
483172
483179
483429
483708
483948
483970
484196
484276
484364
484561
484578
484679
484774
484794
484856
484876
485071
485093
485326
485494
485554
485591
485714
485770
841349
485983
486465
486514
486606
575507
486660
700386
486709
486740
486823
486874
486955
649980
487158
487201
439290
487249
959857
487680
487767
487830
488006
488111
488145
488216
488278
488510
488776
488879
488941
489026
371641
489068
489130
489233
489299
489312
489373
489374
489539
489563
489581
489611
489849
489905
489926
489927
490375
490435
490447
490619
490750
490805
490812
490914
490989
491073
491215
491225
999775
491242
491247
491274
491482
491638
404664
491683
491702
491746
491816
491866
492072
492346
492391
492498
492528
492591
492620
492719
492722
492822
492832
638285
493108
493120
493259
493292
74050
493334
493408
493830
493960
494139
494351
494569
494673
494873
495006
495318
495348
495520
495573
495618
496095
496210
496390
496414
683483
496427
984727
328497
496626
497004
497178
497199
497364
497400
497464
497468
112786
497538
498165
498248
498513
498531
327588
498533
498538
498604
498629
498910
499150
499182
499210
499269
449057
466880
499417
499530
499984
499699
499726
499984
500012
500074
500136
500145
500248
500296
500352
500379
500398
500422
167092
500581
501018
501296
501459
501544
501733
501927
501935
501988
502245
502466
502467
502496
502499
502539
396801
502575
502579
502597
502729
502738
575722
502928
502963
503150
503482
737982
503663
503743
503746
503989
503998
504280
504327
504327
348404
504372
504435
504503
957045
504742
504821
504844
634049
466421
504856
504905
505002
505059
505162
237377
505171
505522
505730
505904
506111
506156
506194
506215
506416
506925
507038
507093
507175
507182
507193
666982
507455
507476
507526
507542
251331
507552
507570
507771
507838
507886
507905
507951
508062
508122
508200
508329
508339
508376
508633
508798
508821
508842
508849
508921
662289
508972
509101
509127
509192
509226
509270
509384
509463
213110
509608
509643
509716
876510
509840
509906
509934
509989
510008
510013
510015
510494
510669
510746
510853
510918
511145
511230
511426
511513
511702
511748
511751
511751
990391
511776
511861
512115
517748
512406
512492
512575
512703
512822
513003
513034
513069
513273
513333
513345
513435
513512
513518
513681
513724
429469
514279
514331
514423
514458
514586
514777
514809
515022
515054
515147
961809
515377
515440
515462
515476
515559
515689
515920
516034
516077
516144
516300
516423
774510
516424
516585
430788
516705
516885
516991
517035
517048
517067
517130
517143
517157
517264
517366
517521
517554
517569
517704
517748
517848
517923
518034
518471
518726
518870
518955
519113
519291
519596
519813
519832
519840
519853
519898
519972
519997
520091
520189
520317
520422
520509
520533
520550
520603
520660
520719
520777
520806
798221
520810
520824
520840
521006
521153
521260
150042
521342
521405
521507
521513
521561
521582
521586
521598
521764
521766
521787
521835
468351
522011
522040
522207
522250
522258
522317
389294
522423
522565
522602
522761
522878
553609
522939
522952
523048
523581
523680
523704
523908
524083
524132
524575
524681
281706
524688
524861
524911
524919
524952
524959
525005
525116
525414
525516
525896
525963
526133
107994
526134
526435
399470
526570
526629
526657
527326
526698
526771
526850
526863
738251
927688
526891
71958
527030
527035
527117
527180
527216
527287
527326
527441
527533
527869
527930
527944
527985
528011
528114
528135
528138
528235
528237
528295
528492
528711
528760
528761
528932
39813
529014
529054
529210
529226
529251
529333
529527
529791
529944
529949
529980
530007
530015
530104
530147
530191
530478
530507
530567
115667
530586
530827
530834
986266
531038
531135
531402
531444
531659
531672
531714
531909
531991
429050
709017
532002
532068
532151
58099
532228
532246
532452
532631
532660
532865
532947
421323
907636
533026
533111
533365
533379
533519
533631
533709
533813
534068
534143
534376
617155
534776
534811
534858
210642
534957
534986
535331
535341
535353
535414
535425
535505
535645
535695
535702
535941
535960
535990
536052
536215
536304
536435
881909
536438
536466
536495
536611
536904
536905
537074
537120
537252
537322
537341
537455
537527
537528
537617
537659
537882
537913
538014
538021
538049
538359
538853
538892
538901
539241
539401
539465
539647
539795
539873
540192
206828
540257
51239
191878
540262
540351
540463
540465
540809
540953
541051
541351
628678
541375
541451
541541
541750
446339
541753
541885
542036
542241
542268
351362
542605
542684
542710
543110
543133
543291
543501
543558
543630
543641
543661
543699
212085
543872
543983
544099
544106
903010
544139
269765
544153
544156
544176
544272
544315
544426
544449
544504
544560
544566
544588
544625
544657
544718
544771
544904
544931
545155
545847
434858
545908
545993
546001
546123
546168
546433
546655
546757
546956
547014
813269
547434
547435
547519
547591
547642
547649
547755
547773
548031
548109
548118
548298
548632
548836
103022
549012
549026
549035
549232
549291
549302
549399
549406
549451
549690
549741
331975
549862
549903
549956
550039
550139
550415
550482
550504
550517
550634
550644
550682
550778
550883
550883
550936
551028
551091
551096
551128
551157
551222
551234
551310
551422
2937
551490
551516
551518
551660
551731
552168
552688
552792
726145
854560
553048
553076
553109
553185
553206
553208
553296
553355
553399
553446
553454
553485
553609
553893
553927
553945
553981
554021
554045
554068
554479
554486
554675
554697
666170
554936
555037
555083
555154
555226
555240
733344
23992
555302
555449
555775
555984
556008
556025
556210
556264
556381
556483
556556
556626
556795
557137
557471
557488
557497
557657
557806
409993
557836
557860
557901
557902
558118
558132
558168
558175
558205
558226
558227
558260
558286
558318
558328
558346
558431
558576
558661
558669
558721
558787
558836
558896
558906
559041
559065
559099
559141
926200
559240
387692
559271
559377
559394
559440
559509
559515
559565
559627
559671
559679
559703
304119
559718
559742
559789
559809
768082
559864
559902
560055
560215
560232
560390
560713
560823
560867
463919
560994
561023
561158
561170
561446
561677
561772
561901
561955
562052
562182
562324
562420
562486
450812
562496
562532
562548
562559
562595
562678
562711
562854
563006
563020
563170
563219
197899
563305
563348
563452
563457
563552
563566
563612
196408
728331
922614
563623
563831
563857
563916
564037
564174
564182
564380
956259
564502
564518
306247
564712
564739
564845
564858
564871
564878
564959
565527
565585
565619
565712
565787
565875
566008
566095
566466
566696
566964
989885
567009
567044
567361
567426
567436
567439
567456
567470
567471
567484
217273
567499
567553
567615
567616
567691
567791
567896
567969
567969
488879
568099
568124
568175
568242
568268
568337
568435
568510
568535
568540
568710
568776
568801
569243
721590
569300
569420
569567
569763
569855
569906
569967
569967
570107
570108
570129
570260
570296
570301
570422
570434
570600
570710
570758
570929
570953
570973
571075
571138
571291
571412
571419
571448
571453
571467
904229
571546
822160
64722
571628
571717
571730
572085
583043
572111
572163
572174
572408
572443
572728
572739
768245
572889
573017
573027
573114
573144
573310
573502
573506
573605
573756
573810
573866
573888
574140
574169
574396
727795
574540
574564
574614
575231
575352
575453
575455
575502
575507
575545
575579
575597
874831
575718
575722
575726
575861
407913
575905
576127
576212
398181
576355
576382
473585
576401
576432
576432
576440
576448
984376
576486
576514
576576
576625
577013
577020
577100
105094
577181
577266
577280
577323
577347
577518
577589
577769
577833
577855
577973
577992
578097
578152
578413
578415
614629
578492
578515
541375
578875
579059
579069
579071
579294
481979
579714
522878
579736
169191
579753
579802
580219
580256
580295
580516
580553
580666
364630
580824
580889
195397
581125
581241
581293
581298
581523
581674
581674
582144
582177
582183
582197
582298
582395
582465
582481
582570
582576
582619
582717
582826
582865
583043
583280
583428
736013
583464
583733
583825
583917
583967
584042
584237
584334
584473
584493
584529
238531
265674
584530
584546
584557
584984
585080
585084
585176
585285
585310
462145
585342
585424
585456
585487
585511
585581
585690
585829
585903
585934
191983
586103
586295
586401
586480
586948
66728
586995
587067
587082
587117
587161
587273
587349
587927
587969
588036
588167
562854
588170
588256
588280
588456
603012
588729
588924
588949
589081
589423
589842
590115
590126
590153
813208
590332
590366
590464
8208
590621
590677
590823
590904
591045
591194
591319
591362
45381
591409
880167
591470
591514
591591
591670
591725
591773
559789
591804
591937
591969
592014
592148
592240
592423
592477
592740
592833
592856
592965
593042
593284
593318
593332
593448
593494
740850
593526
593680
593871
593909
594062
594076
594224
594383
594415
594631
594644
594738
594881
594910
595025
595052
595094
595102
595106
595138
595285
595339
595403
153146
595418
595542
595564
595716
595722
595809
595816
595901
595927
595935
467471
596008
596088
596237
596475
596509
596524
805371
596582
596628
596657
596725
596778
596852
596948
597075
597379
597476
597578
597622
597926
598121
598181
598276
598300
598334
598454
598530
598539
598577
598899
598999
599234
599284
599333
599340
599420
599538
240270
599570
599821
944792
599860
599946
599947
600218
909471
600239
600267
600296
600457
600525
66024
600659
600929
600995
601024
601107
601180
601443
601473
601517
601590
767778
601626
601781
228419
601942
602041
602062
602063
602325
602437
602485
602709
602834
602993
603012
603144
603214
603300
603398
603494
603546
491225
603567
603677
603765
603787
603861
603931
603978
603985
604008
604035
604103
604353
604374
604527
604547
604647
604709
604720
604791
604911
604937
605030
605265
605391
605398
605578
605768
605933
606047
606210
188886
606361
606474
606499
606708
606782
490435
606914
607128
607194
607215
607366
607502
607533
607566
607587
607609
769331
607726
607741
130859
607746
607755
607758
607866
607956
607993
608040
608137
608213
608257
608292
608581
608794
608857
484196
608961
609039
609303
609449
609552
609573
609675
864359
609855
610122
610178
610197
610266
610320
610321
610445
610506
610689
611042
611050
998201
790544
611195
611238
611406
611555
611718
611743
611844
611905
612071
612135
612286
612288
612375
612382
612421
612439
612659
612686
612706
612775
542710
612825
613057
613097
613099
613186
613266
613331
613378
613419
613560
613721
613935
613965
842427
613978
614108
614124
614231
614278
614384
614483
614513
614629
614825
614911
614918
615008
615072
615282
615320
615337
615412
615654
106069
615665
615796
615839
615843
615942
616064
616115
616189
616292
616324
616325
616335
616367
616461
616931
882918
617136
617155
617209
617253
617320
617366
617466
617469
617539
617746
617835
617881
617924
582144
618358
618421
618467
618633
618778
618837
618967
663481
330843
619174
619409
619468
619575
619625
835207
619683
619825
619893
619943
620193
620266
213799
620346
118750
620408
620408
620464
620582
879891
620693
620784
620800
620968
620975
621104
621113
621337
621383
621393
422009
621510
621740
621762
621791
621836
7077
622082
622169
622204
622259
27427
622312
622380
622535
622568
577266
622622
622688
622740
622971
622988
623069
623088
623101
952612
623152
623161
623272
623442
623447
623621
623764
623798
623827
623860
623865
623940
623970
623970
623970
624010
624019
624220
624226
624256
624403
624539
624554
624744
624883
625016
625045
288961
625047
625140
625262
625275
625286
270098
519840
625343
115630
625416
272099
625653
625800
625934
626166
626219
626336
626439
626498
626592
626958
626980
627011
627182
627281
287232
627637
627707
627757
627885
628072
628279
628430
628457
628524
628585
628637
628678
628775
628807
628858
628870
628879
628957
837654
629189
629209
629316
629454
629594
629704
629707
629708
629744
629786
629809
629954
630204
630351
630417
630652
630807
630976
630991
631091
661592
631110
631186
631295
631324
631373
631538
631587
24033
631633
631747
631758
631819
631953
631962
632027
632159
632159
632180
632194
632205
632257
632365
632447
632466
632684
632722
633063
633156
939374
633183
633240
633272
633275
633291
633604
633637
633740
633746
633819
909241
634043
634049
634079
634205
634310
634317
634345
634351
634438
634440
634624
634750
634859
634927
14995
634951
635077
635099
635109
635288
635294
635518
635633
635762
636050
636069
526850
636082
636134
113531
636343
636360
636437
636631
636854
636866
927231
636889
637152
926430
637351
637368
637541
327589
341862
637639
637641
637692
637721
637829
637889
637953
638285
653576
638588
638725
638928
638979
638996
931018
131852
639152
639206
639261
639518
639634
639745
639932
948012
639983
640117
640414
640440
640619
640693
640799
640963
641137
641138
641234
173234
641349
402993
641361
373914
641388
641492
641548
641573
154788
641588
641738
641809
642139
642287
642425
642517
642527
642642
642766
642900
643177
643263
643332
841677
643502
643640
643737
572443
643786
924257
643840
643853
644346
644354
644358
644377
644656
644659
644722
644767
644808
644813
644874
644998
645057
645065
645361
645409
645456
645479
645883
645951
646134
646200
646328
646942
647189
647192
647285
647285
647515
647531
647683
647793
647815
647833
647960
648166
648262
648280
648303
648419
648500
54450
648554
832411
648893
886617
928769
649000
649218
649256
649379
649411
649413
649475
649499
67579
398655
649800
649813
649822
649844
649980
395684
650203
650207
650352
650360
650489
650617
650658
650779
650854
650902
651040
462153
651162
284450
651562
651870
652088
652678
652791
652857
356865
653050
653079
653180
465314
653257
653392
653504
511513
653546
653576
653628
8313
653692
653737
653857
653880
653919
653969
654233
654303
654509
654603
654606
654717
654886
654996
655178
655207
655230
655256
655392
655518
333086
655642
655837
655860
655928
655957
655996
656466
656468
563020
656631
656851
656949
657099
657249
657314
657394
657595
658005
658052
658120
658177
658369
465233
658371
658559
658567
658692
658918
595418
659002
659215
659252
659255
659336
659434
659554
659607
955784
659785
659837
659950
660399
660405
660469
660646
660767
660822
661001
661011
661592
661835
662289
662292
662377
662450
662571
662755
663008
663011
332056
663034
663122
663247
663341
663343
663425
663481
663671
663700
663873
663899
663907
664107
664154
664254
664286
664369
88445
664511
664677
664731
664833
664924
665101
665147
665263
832445
665302
665333
665357
665464
665595
665843
665978
666015
666136
666170
666241
666249
666332
666332
666489
666641
666982
667067
667131
667229
667275
667360
667372
667414
667575
667590
667699
667705
667740
667745
667769
667792
667909
667993
809087
668040
668108
668219
668392
668541
668558
668649
668739
668812
668819
668841
668851
669031
669145
669208
669402
669505
669513
669528
669554
669704
669861
669895
670021
670093
670134
670190
670354
670374
670407
670469
670535
670769
670772
671041
671103
671150
671319
671346
671470
671474
671501
671557
671890
671973
671996
672054
672087
131535
672305
672343
672444
672516
672541
672877
673044
673058
206877
673061
673799
673863
673885
901567
674165
816364
594738
674172
674432
674577
674589
674608
674629
674643
674794
674907
674989
675201
675218
675235
675375
675580
675639
675943
676050
676126
676162
676213
676310
676472
676549
676572
676613
436572
676685
676728
676924
677056
677312
677431
677454
677603
677743
677807
677848
677866
677876
677883
677895
677934
677968
678025
678048
598454
678135
75218
678159
678214
678485
678569
678902
678939
679039
679042
679177
3145
679191
679417
679571
679696
679715
679885
679904
679939
680022
680042
680089
680366
680389
680597
680789
680855
681134
681267
681443
681601
681670
681821
681948
681994
682214
682259
682289
682323
682430
682603
682882
36166
811103
682983
958100
682998
683041
683064
683132
683151
683163
683178
683193
683226
216182
683266
683422
683477
683483
843063
683540
683557
683633
683841
683883
683890
683894
684052
684118
684228
684267
684267
684310
684350
513069
684594
684657
684676
486955
684705
684707
684787
685030
685099
685116
685134
685253
685446
685553
685571
685576
685638
685787
685827
685829
685837
686034
686146
686212
578152
686348
686510
686537
686627
715671
686711
686844
687108
687167
687209
687376
687412
687497
687546
687664
687714
687816
688038
688039
688110
688131
688403
688419
696403
865302
688545
26920
688568
790617
688646
689002
689021
689053
689056
689400
689461
689499
689603
689670
752553
689674
622169
689686
921818
689892
689963
689986
690234
690350
690457
690782
690844
690871
690904
690934
690937
690979
691016
691152
691234
691277
691300
691444
691564
61129
923553
691832
173139
275717
691877
692004
692122
692180
692247
692362
692370
692372
692494
692523
692696
692708
692753
692944
693151
693205
693315
693396
693470
761317
705380
693625
693677
693816
693819
693853
693889
693980
693992
694081
694083
694177
694184
694277
694513
694611
694699
694927
694980
694986
695274
695364
695477
695607
695617
696018
696040
696046
696294
696307
696403
696408
696485
696513
696615
697004
697012
697076
697084
697119
45511
697264
697339
697368
697578
697784
697861
697864
697960
697981
698032
698065
698479
698577
698626
699096
699249
699333
699368
699392
699443
699607
699609
699781
699797
700092
700217
700306
700386
700523
700613
700971
701010
701408
701473
701596
701741
701808
701823
701841
702336
116842
702421
702445
702460
702537
702611
702668
702777
702818
334161
703015
703087
703168
703256
703406
703464
703553
703672
703927
704019
704064
344894
704207
704343
704473
704522
704714
704769
704830
705043
705090
705380
705485
705505
705551
705649
152444
705788
705894
705902
705944
706224
706669
706760
706779
706799
706837
706860
340803
707180
707788
176506
707883
708122
708195
708245
638979
708248
708312
708385
708438
708544
708685
708786
709016
709017
709039
709041
709247
709272
709403
709841
709911
709965
710007
710244
710346
710592
710839
711008
711252
711419
711454
711490
769519
711571
711707
711725
711778
711932
510746
711960
712012
712048
712231
712443
712554
712891
712896
712964
713720
713724
713743
713907
714018
714466
714725
714734
714868
714933
715058
715081
715230
715610
715671
715698
715898
716045
716101
716134
716217
716426
22116
776593
716482
716534
716684
716757
717054
404038
717084
717094
717180
717187
717222
717223
717231
717314
132113
717320
701841
717350
884338
717374
717419
717435
643502
717581
367844
717624
717721
717733
718017
144373
718072
718128
718135
718143
718241
718477
718491
718499
718575
682214
718590
718596
718640
718655
718746
719023
719042
719267
719290
719412
719445
719832
719972
618967
509840
720089
216099
720193
720481
720590
720633
720706
720778
720833
720872
720930
720961
720961
721200
721258
721388
721400
432683
721457
721584
721590
721608
721644
721684
721685
721720
721740
721871
721951
722004
722129
722219
722431
722475
722599
722603
722613
668392
722632
722749
722966
723012
723034
713907
723149
286711
723177
723206
723362
723422
723554
723651
723893
723969
723969
723990
724039
724170
724235
724424
724459
724601
724718
724766
724771
724834
724845
724917
725151
725313
392659
725554
725636
725722
725739
725918
726141
726145
726267
726331
726378
726457
584984
726659
109420
726807
726840
726911
726939
726968
726995
727123
727568
727676
727705
727795
727802
727814
727831
727973
728331
728407
728582
728625
728684
728705
728816
729024
729238
729533
729657
729693
729735
730052
730069
730112
18850
730233
730305
730414
730445
730518
730828
730880
731005
731036
731038
731092
731126
731145
731185
731250
739924
731330
731354
731434
731543
731583
731807
732146
732226
732251
889103
732283
732330
732460
732591
732975
733052
733071
733344
733353
733439
733487
733703
733732
873557
663907
733771
733967
733986
734057
734094
734271
734341
734354
734355
734480
734588
734744
734746
734857
735086
735167
443801
476042
815701
735561
735910
735975
736013
736223
736373
736446
736461
736651
736694
278867
736760
736827
736951
736988
737040
737115
737212
737321
737351
737404
737443
737454
737586
737602
551157
737641
825472
737718
737720
737726
737786
737864
737982
738251
738484
738526
738704
443575
738779
739174
739175
739195
739202
739236
739244
739411
739534
739620
739639
739708
739765
515689
739924
739954
740034
740262
740450
740533
740602
740726
645361
740749
740850
740874
741063
741070
474283
741122
741246
741248
741298
741607
742042
742110
742158
742207
742257
742270
12757
558118
742358
742464
742598
742668
742812
742875
855344
743001
368696
743577
743701
743717
743996
744007
744137
219755
744233
744234
744390
744506
744525
744925
744934
744951
744992
745007
745063
745085
745309
52217
308067
745394
745474
745485
745563
745642
745653
745722
745760
745821
745841
746103
746164
746230
746425
942918
746440
746499
746533
746538
746573
746926
650902
746968
747180
747260
747485
747682
747725
747865
747879
747990
485494
748006
659434
748038
748128
748179
748236
692247
748237
748291
748315
748363
748454
748595
900541
748680
749023
749121
982731
749242
749604
750068
750080
750382
750402
750403
750504
750557
650854
750595
750602
750646
750769
693625
750794
750907
751021
751036
751076
751131
751181
751186
751327
751736
751767
752010
752058
752103
752310
752553
752566
752649
752892
752957
118717
753029
753216
753237
753359
299891
131493
4570
753408
227670
753558
753671
753684
384576
753941
754003
754011
754049
754112
754169
754328
754407
754467
785837
373502
754496
754540
754554
754631
754778
754799
754872
885458
755083
755124
34043
755197
755308
755524
755613
755854
755908
804053
755943
756242
756247
756396
905426
756398
756571
756644
592148
756680
756714
756759
756769
299719
756926
757179
757505
757547
757649
757762
757807
757816
757880
757948
758182
758235
758374
758448
758554
758557
758688
758817
758864
758938
836022
759078
759080
759529
759686
759704
759929
634351
760040
760046
760145
760163
760242
760456
760461
760794
760864
760882
760892
760963
760986
761062
761131
761234
761317
761543
761620
761731
761761
761821
761961
761983
761999
762075
762235
762236
762336
762364
762532
762612
762699
762701
762734
762944
763197
763628
763891
764052
764500
764585
764617
764883
764970
765065
765249
765499
765596
765638
765642
765786
887996
765840
765859
765947
765976
766110
766110
766262
766277
766394
766400
766547
766567
568510
766571
766702
766826
951713
766839
767018
767063
698577
767129
767193
767222
767255
767421
767501
767535
767555
767557
767778
767912
767949
768082
768141
768245
768267
768285
768327
768443
768494
768518
768625
768725
768755
768844
768911
768932
33334
769205
769239
769331
769381
769421
769519
769528
769715
770070
770076
770151
770198
770259
770300
770451
770680
770692
771087
771268
982021
771342
771571
771839
771869
772009
679191
772026
772130
772204
772229
772267
772390
772423
772463
772487
772664
772666
772880
772893
773147
773272
773410
773457
773716
773810
773860
773915
540953
773930
676472
773948
774051
774099
774357
774399
774477
774510
774708
774744
775098
775109
775138
775258
649475
775376
775518
775525
775572
775701
775771
776102
776215
776278
776503
776514
776593
961147
776862
776865
776907
777048
777066
777423
777502
777546
777948
778109
778236
778296
778311
778321
260579
778517
989554
160884
778580
778617
778848
778937
779131
779214
779363
779450
779470
779472
779575
779585
779709
780004
780072
780092
780136
531135
780350
780401
780440
780658
780855
781029
625262
781111
781205
781281
404163
781493
781567
234523
782190
782349
782473
782561
782814
782824
782866
783022
497004
783034
783042
783045
783070
783091
783119
783145
783343
968757
783696
783729
783822
783878
783951
784034
784036
784372
784409
784424
784450
784559
784719
120602
784741
785055
785091
785170
785179
785213
785253
785522
35535
785821
785826
785837
785864
786365
82357
99828
849558
207310
786366
786440
786441
786519
786583
786663
786742
533813
786743
786850
786860
787173
787242
787273
787357
787564
787667
787785
787940
787951
787960
787971
788080
788203
788369
751021
788397
788455
788533
788564
788664
788677
788906
788968
15614
789269
789279
789419
789471
789484
789557
789680
789718
790200
790273
790291
969105
184643
790544
6490
790617
790723
790799
790921
791275
791342
791386
791456
791482
791767
791841
791911
792049
792105
792374
792469
792411
792453
792469
585080
792566
871836
792647
792702
792792
792990
793025
793312
793413
793493
793517
793558
793585
793609
793831
793861
793866
793907
535990
794192
794244
794298
794350
794406
624256
794629
795166
795228
12770
795230
795297
795398
795443
795456
795536
795858
796149
796252
796300
796537
796623
796639
796762
796800
147314
796838
796981
797124
797130
797197
797742
797866
797946
495318
798205
798221
798308
798671
798672
798757
798764
231011
798918
798948
799025
799036
832190
799059
799197
799258
799345
799373
799508
799871
799975
800284
800285
800384
800707
800747
800836
800895
800946
801073
801188
801220
801391
801551
801909
801919
801997
583917
253975
802002
802175
804800
802210
802221
457625
802259
802296
802315
802393
802494
802560
802729
802901
802952
802992
802993
803021
803078
803307
547755
803371
803396
803466
803536
803572
803579
803592
803618
803668
803671
803801
804053
804215
804311
804570
804652
804697
804800
804820
805035
805115
805155
805184
805355
805371
805487
805497
805547
805643
805690
805742
805908
806262
806361
806399
806438
806454
806501
806556
806653
806763
806782
807002
807034
807632
807639
3969
807640
807660
807784
807804
807932
807958
808010
808036
122600
808056
808076
788369
808077
950739
67677
808159
808292
808405
808755
808849
809026
809050
809087
809239
809323
809449
809451
809507
809560
809627
809752
809833
809957
809999
810199
810221
469588
810387
810387
810442
810489
810918
811103
811169
811252
811276
811412
811511
811539
811618
811660
811800
811934
812084
812142
812344
812391
812406
812472
812722
812773
813042
813054
585581
813095
813106
813191
813208
86760
839086
813269
813332
813375
813426
813453
813516
813533
813640
813773
813917
814243
814244
814278
814363
814364
814392
559627
814529
22143
814533
814611
814713
814814
815000
815002
815005
833489
815025
815037
815105
815188
815233
815378
815459
815593
815701
816275
816298
816364
816421
816514
816578
816667
816707
816767
817056
817173
817275
817293
696040
817320
426558
817411
817988
818050
818056
818140
818144
818260
670469
818321
818339
818447
818495
426460
818562
818664
818722
818799
819047
549035
819103
819239
819456
819478
819534
819743
819765
819847
819999
820110
820203
820333
820414
820622
820758
820774
820786
821140
821254
821275
821432
821491
822004
822160
822190
822228
549291
822231
822248
822302
822396
822468
822494
822562
822623
822663
822832
822898
822941
823023
823090
823128
823178
823280
823304
823313
823624
823777
823987
824148
824329
824385
824452
824638
824903
824925
825087
825196
825248
825306
825312
825472
825754
825789
825900
825903
826049
826160
826238
826817
826961
827032
827063
827101
827312
827319
827408
827873
827938
828035
828121
828144
828212
828227
127904
828322
828357
828501
828639
828828
829394
829425
829431
829484
829659
105795
829686
829746
829859
829894
829909
830289
830335
830342
830346
830524
830683
830706
830830
830882
830894
830938
830966
831133
535505
831144
831239
831384
831530
831887
831921
832075
832147
832190
832303
832411
832445
164887
832665
832691
832789
832895
833297
833357
833454
833489
833748
833897
833916
66651
834420
834425
834439
137105
834667
834735
834767
834835
834993
835130
835197
835207
835219
835413
521260
835687
835725
835838
835882
836022
836096
857081
836167
599333
836200
836240
836376
836446
836563
836659
836792
836878
836960
837094
837170
837181
837221
837319
837481
837654
837671
720872
837677
837723
837735
837745
837842
837846
837971
838028
838054
838120
838122
838158
838308
780004
838349
838388
838416
838428
838472
838560
513518
838625
838704
838949
839001
839074
839074
839086
839129
914848
839476
839516
839548
839686
839780
839809
839854
839922
840110
840137
840161
840668
840806
841119
841310
841349
841526
841677
848652
841914
437687
841925
841987
842108
842265
842427
842433
694699
842468
842478
842509
842947
842962
843063
843063
843084
843137
843148
843167
432419
843195
843203
843353
225224
843431
843549
843908
843914
843920
844133
844150
844236
844255
844277
844501
844641
844663
844729
844806
844898
844899
894317
844914
844952
845000
313214
845068
845356
845429
846148
846314
846324
846405
846440
846589
593494
846629
846819
847169
847374
847436
847630
847688
847812
847890
848033
454140
848036
848268
848611
848652
578097
848656
848740
848864
385769
848887
848895
849047
849095
849199
849233
849261
849354
538049
849558
849608
849620
849632
849785
849799
849931
850090
850333
850465
850479
850604
850744
46770
850818
850854
850981
851053
605030
851384
851706
851757
851939
852009
852057
852088
852175
852181
852288
985949
548836
852350
744007
474040
852350
852351
852379
852380
852509
526435
852773
852943
853065
377167
683193
853084
853162
853242
853301
853430
853501
853529
853672
853815
853936
854096
854142
854244
854373
854560
854572
854876
855075
855344
855450
855493
855855
855967
856106
856244
856685
856694
856792
856909
856910
857010
857012
857047
857070
857081
857116
857287
857320
857417
857531
857584
857644
857817
857822
857863
857875
857893
858179
39114
858268
858337
858570
859301
859537
859661
859917
860001
860066
860291
860297
860353
860456
860503
860513
860526
159894
860668
860893
860958
861132
861135
861231
861322
861421
861431
861528
861894
862165
862168
862204
548118
862517
862594
862701
862800
862916
863045
863256
863368
863373
863447
863614
863788
864116
864126
864224
864238
864359
864443
864465
864587
864648
864677
864912
864933
865171
865290
865302
865550
865631
164035
865759
865854
84854
865860
865902
866132
866396
573017
866484
866493
866539
866585
866704
866719
866824
866910
866915
970754
866923
866926
867257
867347
867495
867610
867636
867906
868362
868383
868443
868843
868861
868943
869080
869271
869288
869399
869568
869646
869830
870060
870081
870085
870128
870224
995359
870255
870365
870513
870694
870702
870710
870858
870985
871109
871157
871182
762236
871207
871236
871268
871650
871803
871836
872252
872336
872385
313873
872766
872847
872998
873016
717581
484276
873022
873046
873060
873162
873255
873396
873557
873616
492498
873663
873687
873709
873783
873975
873988
874066
874101
874127
874388
874490
874533
874559
874710
874750
874799
874831
874856
235176
874920
875118
582395
875189
171017
875431
875440
875713
875755
876153
247231
876156
876251
742110
876278
876389
876510
876576
876644
876657
876918
876955
876957
877122
877263
877474
877697
950620
877803
42342
877903
878094
878112
878139
878183
878217
878226
878310
878389
878664
878724
878780
878786
878790
878860
879064
879196
879259
93402
879338
879402
879543
879615
879714
879748
879891
880167
530567
880178
880377
880541
880676
880970
881052
881098
881374
881532
881645
922939
881856
881909
882307
882457
882498
882676
882871
882872
882900
882907
882918
882930
882934
883012
883023
883146
883183
883273
883280
565619
737720
883420
883543
883573
883774
883776
883882
883908
883963
884078
884108
884264
884302
884338
884392
884415
884559
884666
884672
884781
885007
885181
885236
885245
885363
885458
885916
885921
885993
886075
886087
886212
886434
886458
886617
886842
887203
887434
887633
887697
887959
887996
888035
888325
8250
888386
888505
888514
888738
888811
888937
889103
889162
889218
889250
889280
889295
889398
889476
890164
890236
890292
890299
401358
890344
890355
890397
890480
890527
881645
890584
890617
890783
890876
890950
891017
891310
891373
891402
891447
891528
891601
891644
892027
892034
892057
892129
892561
892659
892861
892887
893008
893084
893099
893124
893126
893263
893343
893489
403189
893642
893950
865759
894188
894195
894209
894308
894317
894355
894548
894569
684787
894593
894910
895138
895188
895223
895537
895582
895634
549903
895783
895814
895914
562711
896119
896143
896222
896273
896360
896501
896894
896904
457023
897083
