189116
654239
216978
49542
587489
139638
579175
643657
5570
488841
188099
651245
115915
101172
854113
794623
310689
605595
5065
826370
76450
981163
190842
662594
894823
441083
79433
141131
742089
120054
7817
592803
393333
405011
659132
692757
2575
28478
704377
744617
380947
442949
706844
510836
160380
171373
378288
447068
568434
705705
488372
125948
886950
541117
657057
286488
187464
291918
650474
249922
572034
756282
104586
972676
669990
765783
220905
224033
397556
673587
521204
882546
155276
168473
273043
134557
472356
532855
467773
64005
190686
539629
963218
269548
275270
468266
513563
397843
231610
544411
271006
896375
471402
813894
32722
561712
191412
661948
51031
176433
890064
7542
855671
417803
344045
532636
939384
401644
82754
54059
719419
454625
339983
484580
248618
636763
415670
447850
254733
953321
960380
963562
232319
282155
93642
173976
198316
620266
504860
576294
3594
33653
860991
908256
624571
530192
385141
723306
951370
209242
379719
818970
254239
357920
579636
345663
714231
436741
446553
436264
316134
41788
93504
138812
643592
252332
277756
900092
13395
218150
464082
697224
216307
246660
64261
523471
377133
993892
653407
445070
41419
13442
879534
15088
178016
882662
377535
881049
946530
304900
808753
893759
610324
20576
36646
619578
126389
479010
860227
596963
663156
98437
930391
945890
489574
535475
818634
536657
449955
800053
369728
119217
148743
780492
704552
887807
280183
920024
629505
456063
465745
434791
915855
208539
925935
749398
425259
304681
184924
305105
443961
85537
361494
763911
743275
382222
966324
976123
781542
874318
235228
127035
404655
587626
65011
848148
268168
261196
470985
28868
702175
326170
993600
745121
656538
812275
690029
421923
812963
585693
752115
748283
624277
894486
594806
286184
460545
489880
612640
372728
804950
354706
62233
158312
476550
820561
505784
197197
666814
125184
456931
293687
495391
48870
771821
581935
228967
487016
593741
495008
4471
744182
411414
165052
171916
68088
854079
337465
368005
840095
999154
414774
373256
777938
192125
248030
244273
128367
107744
633119
278989
789162
154514
655198
24155
524504
431433
455949
807193
363515
581196
215579
533031
102862
794421
75012
673089
790531
355254
944983
258659
634430
883238
119519
123219
957520
425991
934219
794392
377084
851697
377923
71322
101978
342224
213598
20095
165958
912830
315040
539608
110953
701720
245178
782404
430661
654279
645262
126550
326614
247877
468069
481447
626436
91961
59561
945918
193280
826201
299669
22926
707952
411357
572124
111662
238349
50832
4475
52466
697279
936633
851897
379413
818075
325319
882158
253378
101678
114852
334959
997711
778860
812029
297892
759513
922224
205843
875567
170738
685703
51029
180450
411628
260839
927911
186887
789199
551670
191968
747369
668687
81197
525330
346822
247124
65729
221448
381540
474803
508063
595678
200035
229771
161031
143536
779857
278003
159938
543378
574153
331401
391676
802558
722098
698782
401556
710372
846322
241624
993239
924967
66996
54404
75552
75686
545693
25114
690816
1055
872523
59173
226789
912712
358078
711894
288055
827461
858652
541398
568133
946345
110924
14010
821636
887872
783453
944548
953098
361704
59935
489312
597880
262001
687129
713085
918624
481953
73078
884178
741637
421912
373651
402719
440342
54843
113355
704407
982347
99882
945953
500372
403062
865898
758666
287137
278127
393521
688158
490830
930778
830734
365240
776538
535975
411501
97128
665146
643376
809841
880509
442133
124657
57225
405638
530053
111310
136196
242002
721033
96555
997939
510790
448188
264872
249433
760702
213941
35763
473275
823805
315673
281270
889843
880519
619726
231907
359845
191134
666614
520598
21287
229910
254450
442667
827521
701846
583328
410880
24213
937367
368156
852693
998179
892563
186621
792699
728249
769393
946309
962594
249152
588746
282201
125561
538439
767748
62730
48900
191335
379914
947314
130961
249994
712183
136917
524359
895826
516421
455939
901240
143519
915509
641113
997695
643167
836719
961412
238672
605974
569803
901039
82884
325733
186558
782076
5808
832210
105671
639142
40271
646462
675364
968589
565972
127757
800949
820330
145300
426112
30086
70751
971894
955566
180855
177527
275366
656387
253082
667256
420832
147783
588524
518046
581288
417755
768161
273492
636102
638165
673036
541639
267092
418438
247670
700552
257841
661570
441448
437222
440318
705037
353590
802858
29873
614055
952008
967656
714746
45424
696842
822321
554938
670397
687643
100604
748442
590988
421595
213704
657132
815441
141983
498349
182248
688020
955124
918873
938252
161509
174589
340614
507294
126957
628813
546875
943859
296151
247719
21789
234871
693419
72196
812293
465203
932855
743880
237619
367957
616387
509455
886081
894767
321911
181591
856262
580910
396610
346591
21090
226037
719406
296162
754806
702354
542227
727523
928761
242214
709463
633008
494663
65954
938819
58651
903961
673916
328079
512877
307927
44814
937535
853979
621697
622534
746555
971581
371662
617411
757641
636647
862456
343763
738294
551206
758197
126475
468775
47799
162172
564914
274823
625448
766914
486955
643397
759979
528325
869979
375208
278636
566636
975176
751361
269791
915449
328006
767625
626172
207597
388528
506239
153351
111318
463219
12638
863529
98129
803495
666965
908101
49347
869392
484826
261599
983562
379576
248554
75829
333241
256355
12724
788128
313484
657596
702135
944305
936708
483098
36586
28101
638374
583169
387168
758696
624023
179813
859348
600388
337774
49526
577735
39000
626522
890282
938174
323602
549523
98647
319912
295999
505595
276410
192352
971045
643240
45637
688757
165785
934502
818267
987839
572789
961092
698473
381059
741702
339357
615873
799574
872327
835043
533775
124022
672565
953881
353075
549779
725927
82155
158926
80176
417354
863007
219174
273747
944715
278131
641896
285314
899054
37226
600615
74222
322670
114198
322306
168916
684167
192521
652857
291278
368162
53529
530774
375465
729406
550031
441679
436666
562283
320832
238301
430284
683416
215068
203498
719953
804170
982301
33437
274929
708868
946890
415908
928300
71677
503085
982171
334906
799079
548627
792465
12588
225137
705488
864013
576386
603368
971015
19883
979644
312672
493556
997406
958837
846597
494108
41125
593657
697375
58300
368623
796882
530940
27892
954491
949430
819878
532710
60520
807431
241684
655735
146662
195941
434219
226835
40981
37062
43892
33851
106732
560765
710615
640594
215630
439813
653090
155495
478659
354211
685607
425610
275366
607016
790628
290327
301115
816606
158274
347254
276477
38478
893202
617417
56602
512995
280567
84191
79610
388265
636022
184607
105803
476564
770521
395146
743549
318554
50425
347467
318453
455442
888995
781194
720772
951430
369266
767824
228667
427093
63754
276802
233962
421252
117210
384853
840467
10331
319141
413946
526133
699098
378073
511002
288392
527074
475220
721050
771748
686044
617672
350491
918388
244244
417212
342081
312199
553442
918167
789913
995810
760834
604199
491062
536222
446091
988674
268457
170199
595936
385481
493359
164336
958097
856954
899543
30602
780632
623650
107511
916061
241462
718304
786157
570568
659947
585332
669982
539717
213845
20272
648932
148528
170643
53748
360117
966774
94663
495640
469039
577153
576460
141630
543693
916228
417629
521149
837191
304346
14461
338696
720869
619209
743020
875716
95601
258921
234471
914829
77938
459982
524433
699454
161453
825573
598177
918224
22199
236747
972440
213584
128489
586642
745264
657223
365373
434114
301557
551354
357558
922243
331030
735194
13391
368853
447078
871399
787462
295701
893260
419746
118995
321501
194816
777489
624245
67823
215692
370703
658504
798632
679456
952409
400004
981402
521240
525728
305182
884067
376199
828765
631634
36435
450200
248087
289097
232044
35544
65774
955369
336903
56995
678013
656917
631323
492516
578670
664774
631548
993575
597255
975030
226443
919351
876111
37835
693952
638421
15844
55485
420817
884563
501030
703052
391297
177154
120732
726622
206086
531553
441676
564955
276575
544095
187923
18922
163120
296340
482090
486224
805575
693666
552832
391456
662279
846685
595089
6575
827866
886365
758052
785486
854039
343856
645854
867874
830064
546097
553370
359101
885803
703431
870501
10412
520048
773987
509762
730457
406682
263036
821567
7054
732364
788350
627309
437041
829292
152546
731121
609969
307949
401326
466330
104514
6051
706288
532257
198916
555357
139753
11753
511088
947209
456934
101003
440565
136062
771173
692602
332001
958816
607232
633241
395088
732993
805439
721695
853561
111069
388427
454992
639265
659325
8198
195016
357342
260916
383149
979495
714602
643619
84626
195922
192512
947591
715773
970754
354489
387805
470066
486240
777898
355655
994656
750813
496134
136043
598833
234485
905280
197406
28394
496775
41086
415418
113254
630830
751538
804949
632165
313631
692349
313455
222059
169143
949657
941994
290419
340253
966647
142853
820608
838303
917221
846366
48633
748452
657132
110393
44962
458178
395943
796504
769534
128775
604843
654856
647650
920056
816846
58636
808145
421763
626480
447880
955061
147002
673175
416110
235190
249696
841569
662022
194682
176504
556674
608271
969869
231349
443841
1919
665005
885947
892808
913561
570675
621123
169673
167268
561723
530876
696595
799954
976896
403916
330678
870472
270922
446654
863133
35580
193616
798403
298053
267121
593286
976052
605513
903369
769513
973932
753046
674105
672899
928466
657708
195773
929400
670034
850907
747995
370063
650860
771147
479098
392432
322578
684957
875434
439609
96226
851089
711696
232091
246896
82905
387612
154504
112229
802511
676272
615503
405737
819310
352549
949122
540895
785140
843744
897333
298711
786079
121703
247371
619616
113371
224614
337457
549902
527180
511555
887939
604384
479200
483512
661801
841639
814204
486181
462250
498107
524946
93537
792188
944935
616240
473391
440261
260020
47392
589293
333711
730914
900452
994903
175094
896593
276146
40944
827129
212560
189092
120090
749542
390044
736359
716360
348934
862431
694103
363211
155796
507438
179621
524411
773234
679514
152302
35630
484355
151547
946694
239685
897236
737181
192088
737380
638845
64040
911902
697368
676109
234252
176901
626530
590591
372254
851366
116774
13176
392455
991158
340159
340082
682687
675921
462982
907817
896117
161156
957359
562033
167557
474405
288245
276206
953705
36441
192526
376599
365125
724186
808357
428891
475877
496374
86295
811331
220216
343133
63823
14480
310986
792190
821848
296803
228229
480895
891733
220087
956540
686527
935907
973416
414112
77231
91401
156932
673872
10485
116577
677679
277204
251265
605334
653407
473353
122478
984317
223373
763481
527910
756837
128126
8755
523679
737654
996286
788697
756370
586508
821920
21883
61600
311876
940814
829023
330474
112115
430433
612445
736373
746763
732513
620253
981753
899840
97921
273100
113542
788544
302779
62288
983555
679560
808052
325961
742687
361608
910135
12495
78102
862872
438949
124355
782960
437096
637196
769767
818307
729733
137411
142421
244627
998355
533181
700455
302276
738101
211202
865172
869958
257340
618927
638061
470825
880690
438477
212954
697313
11401
624671
400454
236949
263897
549878
86743
779050
46481
640445
11569
721091
116233
651511
504523
356858
790628
824735
988936
777166
247013
525974
714053
37405
798
939152
364070
811706
570837
73794
613564
156679
126294
755146
939658
622084
689333
639074
789526
573166
133791
313394
655633
609712
678884
600858
489367
588018
1722
607310
835665
260184
171518
405654
887103
554616
795949
509177
516238
224766
535883
166754
71084
10452
223937
660736
22416
686233
466201
62444
285658
840985
831301
609643
447532
946958
569310
27882
92277
68184
552415
689009
718510
338277
603399
654366
280664
345663
155895
9315
484113
617549
866749
784926
556920
137885
236093
460321
150393
992948
860784
26592
262998
862618
793379
805154
5755
795920
758960
287414
640752
983873
118799
789567
527448
607365
401478
490239
443820
156782
652827
686460
641986
335992
505567
815439
21888
46407
723265
849046
923903
345910
532028
181253
354399
369202
583965
655635
460408
235430
180982
183074
894600
38887
973863
694808
383928
280162
803214
381984
499817
37727
494966
161859
880181
870878
108260
658006
170170
779727
468238
215657
816351
500264
426347
325016
795452
284017
567958
479695
2074
982530
438509
841932
618719
434692
457982
961869
495395
626020
727715
248755
665132
967654
857404
414659
296483
21316
723530
906229
955927
595480
948515
560625
233832
955982
613834
724324
929891
858137
806516
667789
840828
721966
579343
827455
128539
870324
578316
675217
544973
742819
270153
523290
866206
125538
466849
441241
547736
15259
788244
517185
302570
912402
187673
715046
359892
333260
565882
545753
62648
700612
456248
116942
75407
642718
437057
990735
308118
61831
237107
753439
116295
160870
887586
578332
953829
305122
940279
90335
361588
87045
939239
969294
544681
27032
485613
360328
285437
829952
374209
901575
160569
203183
172327
91248
972538
681566
38489
559995
600896
281241
588892
306816
653497
778864
776184
16332
15182
974391
377502
573912
708404
11978
141520
908465
92597
99952
527721
348655
923807
261018
411284
8606
900783
859523
15503
8163
156421
973675
577653
968376
473105
415069
26614
545683
456364
631847
939864
322436
283536
479589
707623
153863
133320
97931
632877
782531
819648
911553
372940
824233
210998
180027
932169
960325
566729
979016
363017
650564
208372
10224
456052
920017
849832
42344
296645
739561
210636
991224
450333
380749
145606
893752
289416
504452
748463
133986
184894
963956
672048
887334
820740
645315
91046
582667
117761
612286
291840
295059
323431
304600
176612
3055
889401
194393
23745
32180
242711
727078
553470
296797
398527
353882
746565
9788
265602
250560
385329
796109
180382
860829
1449
892733
657001
607017
786565
692308
59443
80803
150879
967907
155359
323325
496230
956367
580746
688962
536466
160868
678728
476669
174048
420834
37474
425782
692706
978077
171034
181701
407309
9844
7198
516138
120143
297490
278795
964899
854444
327580
185135
354919
598939
482037
190102
616102
819280
945423
960004
200068
532612
248505
890538
198053
949361
764168
616544
907839
351768
88606
294787
641823
682379
770050
268488
195322
578927
809535
198084
759343
526691
351989
626764
521659
758090
938052
758199
563798
255055
102307
489899
442143
86479
315151
266558
504499
615130
684330
407120
208280
250918
197637
296159
594893
215940
917666
309326
462112
667622
578418
924315
440704
836448
705568
29123
104555
51690
239107
619868
859756
520505
808697
538304
805184
1393
256520
557331
125867
471893
755709
419667
164838
72384
298903
574569
866258
943820
373503
559763
242645
638248
68260
725928
295242
29149
518550
300155
15468
686348
671882
399369
776551
500811
595680
316996
350505
581713
539200
263982
672436
626249
361748
312210
240707
746749
739336
893371
59789
185428
329070
194279
377864
150855
200242
770764
171839
758844
807080
802627
619673
481545
382068
523269
358523
720125
250593
386814
544784
877487
415407
655586
949502
267252
119166
990220
83778
143896
579330
757571
650813
257066
894437
607647
164198
442007
264621
145386
9494
569669
250953
487222
414240
546908
244394
162602
40094
222455
630895
229218
232379
901774
157265
915436
322773
477968
634216
397899
949152
861619
597530
45443
754810
745399
703117
207197
382521
715934
102282
253301
665602
162483
553389
467027
819689
307146
627188
678955
189867
362713
685073
384265
345931
320608
810624
916223
634535
82184
90974
886
484939
611878
440154
394065
71913
941074
973992
21492
315398
258324
55814
92089
545013
946655
882836
533439
584927
374639
551461
74443
80506
7918
180578
654980
855245
115633
968406
124116
170597
26274
171652
460347
381335
704720
414848
838750
507169
932506
530261
625405
252606
772784
190126
909442
529868
377008
896799
113466
305468
769682
744529
945598
784392
648552
638789
878141
454458
719385
63477
131752
178028
796222
808955
998498
382984
129849
429073
206386
966593
859814
275422
881603
984940
439949
282585
738107
710228
575919
847711
168442
554931
988385
88161
441165
495072
920078
977017
761469
487484
123230
681064
320135
433665
369802
270456
955508
164615
735861
573015
762688
829002
828911
626291
998445
786299
199256
82696
309731
415468
740579
270829
534142
129826
418235
961263
723802
774473
34611
357529
287219
611736
457966
390688
149434
363408
203910
75013
37828
569969
7125
847040
613344
593627
985754
403039
404273
384054
753363
341303
847620
46468
835403
754158
202312
907612
601307
977091
435685
225914
622742
743611
182186
700141
547072
597636
578692
212294
757062
241208
757916
713999
938326
533667
359084
203506
250754
676278
938121
417695
795234
109325
238398
208572
69602
290416
43594
818044
845136
614994
668021
92887
485524
662660
954108
481424
932619
913966
114445
765351
47032
367828
565374
448354
506668
714083
504639
544664
213330
71160
856824
885763
957877
806028
82575
645342
659907
711020
471868
427796
681242
246690
934473
283624
756614
676308
994483
418680
873835
549038
988235
119238
743666
46364
169482
690148
241721
429178
121615
621067
686636
28522
158535
81060
986735
556820
124023
473076
378454
702109
549993
638369
671314
57077
648474
321447
974566
57575
247788
326229
818330
219578
963044
4663
296836
105554
553152
114005
392940
985124
265275
905361
422426
523051
722648
514140
634739
300585
558353
216124
385817
902598
36957
997280
61050
359562
604471
720896
565282
175057
947103
224744
845969
79279
268623
159577
599557
187948
178274
707388
194826
903474
645217
365394
486093
738492
766127
325088
780011
166539
720205
142978
849209
584261
876433
122528
781650
805940
963054
289639
234627
84140
916148
934668
585411
167921
165734
253164
686263
158510
882482
689207
729754
15799
49974
666515
791849
199874
116244
683567
266230
620630
649436
403137
845828
413847
626740
740345
298968
990789
240006
856162
771185
825251
937718
907909
103296
880033
639293
860594
966232
845249
967312
291713
888450
202856
25502
49655
298072
862779
799715
677161
965649
881457
36222
464767
51367
797227
332215
836231
810324
950405
799248
923246
759191
929136
688528
797818
266095
953086
720425
988572
492173
611880
977780
905668
928126
278281
307590
385194
362805
659631
448256
187990
564769
105725
45064
353130
713675
305572
335983
419261
288960
56260
349702
747218
701596
629171
740467
267445
74612
475207
937421
651660
763969
262518
673355
88798
128276
516822
508170
902603
759409
3032
20530
257608
572673
843235
517696
189803
411578
683560
534140
399683
876171
803004
946047
342989
53312
280706
128254
536080
471142
412436
395601
999384
567571
778404
690345
937529
44123
327097
555526
95873
852379
746110
340514
440183
52012
261402
54906
532669
98856
939620
571343
79793
121070
990984
993395
914866
664595
487434
983501
164074
119290
155510
986089
494119
349055
386661
395689
322002
857722
568885
388425
304718
433305
99913
952261
643959
572649
639298
477257
16699
933370
18203
477798
758089
568031
803304
755861
213156
134592
434800
735182
575937
656439
586172
223484
639759
623833
461079
432150
484371
326721
14950
404142
471566
717007
7828
791075
960999
887957
631239
164720
795512
391359
554082
247664
946712
191772
277414
869048
316540
575047
930435
376513
821725
918881
163026
212447
761166
921014
754935
454919
500381
830782
457393
160391
574330
997803
477034
171089
985205
833781
799895
775208
283708
166876
208689
858855
702162
180102
671227
356433
340235
284155
651621
298232
76705
639602
526905
243193
334400
762933
465846
559627
104224
15651
958540
831173
234956
465956
366982
589255
118630
950043
918929
842020
699998
356392
88480
234258
569300
564323
223769
649664
569939
830579
99795
188286
379296
118717
125785
515880
367734
179827
632644
901755
376689
534887
746352
916519
3759
684261
134909
845729
366056
325016
545177
750188
911099
428557
745332
644343
638631
197287
810365
112756
521549
47623
762071
497929
107299
366575
359223
493916
333442
259672
364294
7462
796573
389252
254382
706144
819532
224798
38387
980676
117868
162250
360348
591736
76425
479106
258969
51198
216862
579113
992349
570202
426666
437556
979806
974224
692407
219508
742329
386166
150376
233169
400833
275804
155393
363749
806244
997008
145445
965836
294894
527469
421197
570147
782265
399836
593546
270934
901424
893950
610751
30552
961308
338982
643883
486097
24191
758946
72987
928238
589266
258066
717326
593899
506349
172378
835366
62324
444629
564781
280718
548891
698427
582302
239358
74205
345629
261882
844438
559321
883528
815609
524229
714019
877860
264487
495852
387056
878875
553899
385161
718948
716287
271646
497148
753625
193984
614356
950677
40218
404846
889217
348081
495952
193136
190206
199550
351910
352320
811456
242508
202311
683432
831307
568807
2272
104958
260339
32127
677129
229616
352635
392147
827000
664295
554453
651689
732746
282973
46931
852024
533980
732891
633429
457010
486849
903997
547475
328859
690282
291227
599217
80406
556255
457159
437952
387267
694753
835731
852129
217797
280851
160971
238582
151901
503316
940942
197388
227487
385923
787712
711174
494449
289132
548055
377077
542747
296784
124515
520490
278526
666088
527612
842680
678612
656502
31189
165280
890626
581585
615853
225047
47897
465702
60010
749574
423025
493408
782258
881442
892246
662844
638858
603290
168446
985494
450055
103460
381104
894022
761452
980959
536502
548700
761996
54913
334809
683251
977077
68318
108390
855219
260440
275433
87596
207376
227067
308790
308968
489075
933804
633345
722103
404159
736459
625286
94352
760165
570704
940508
279041
197730
736594
457557
128287
925614
758592
52134
574035
212558
268095
661255
152081
869746
665486
166225
938176
465202
693518
222101
640497
52744
951367
210118
539668
172559
835120
427036
380019
328156
770106
655693
941033
995976
845547
603976
306045
50629
843254
840215
199619
752501
17913
792714
792058
747858
13825
886316
128778
867716
746592
741818
596460
514477
521177
612527
302853
619023
761191
439769
841768
200684
477384
404832
11212
523888
573559
983375
726003
414671
670964
880097
644891
64495
801307
962433
147601
335472
875624
313815
933945
308401
661211
696854
62821
341628
299663
227453
44470
884213
461998
600943
188623
501122
675945
234806
791296
201963
368385
669246
614133
39290
762855
232106
125683
769773
56901
579353
990294
4003
703412
283219
616934
951572
138867
189283
229986
481161
772734
99158
862628
535027
387092
270543
69829
878598
533265
840185
634294
34535
870169
162677
420109
992793
312752
79174
93607
741016
71937
661111
160678
800300
221633
156487
598814
148427
953525
857313
928398
174620
634591
829467
461892
536312
701544
838772
485645
19265
175215
73750
513996
168401
598366
126027
459555
629056
763259
128973
490108
779141
49080
474942
598188
444232
210734
398023
53350
763244
304559
204660
202427
745758
186081
606846
745238
757728
831258
525157
61424
255210
104915
710934
270240
111600
595697
433005
44563
48968
651370
394950
301311
75245
755249
619980
484375
673937
185791
653560
427657
409746
376717
496334
622529
860821
252565
864394
956781
515774
840323
869057
684977
771030
766115
968161
29967
112351
529126
35153
602503
284554
223606
856270
913639
957706
252486
50974
999403
438718
469649
832959
388645
97607
607121
720824
835694
761490
121333
66742
875289
650961
140395
411578
7206
908066
751119
275091
304050
198144
747878
144743
283105
705737
320696
496662
770215
424444
210849
543406
191834
439608
160615
696909
695242
789134
159298
118695
854173
970476
998542
125846
558475
640153
32108
68895
306033
66281
153224
800778
259910
374993
798485
234071
553828
149767
31779
222180
828047
960328
303346
100014
461687
517578
494662
447529
496398
366085
104239
777587
582484
969773
485683
945707
138070
244057
578515
696981
213600
703811
563704
233725
669908
486836
896856
351163
283511
273300
618140
157858
315993
139750
182887
798725
156784
389411
102178
822887
554868
506658
808491
793626
82705
351572
575591
595975
165684
189869
310570
347738
806753
934155
213319
315854
35525
235102
857393
251884
814300
627136
206481
823283
293508
514348
541278
581990
782377
231229
659243
195414
896783
972629
29278
499235
78040
941818
667971
614477
9435
389079
264627
716540
560811
221038
758354
630376
387316
858426
979124
848458
521858
953614
751715
687065
510170
285892
750245
487528
324049
609670
433431
174232
386994
806649
216664
257356
194674
396443
104465
938639
801375
190430
851981
281178
666610
670914
211197
143571
260647
972525
388875
474389
363863
206659
769301
600218
65989
264318
584483
820479
183909
260736
224152
211389
730202
939695
522727
322073
441906
770232
723252
965823
435685
168039
60436
632213
210832
423139
515436
472
347221
70226
341473
465787
916775
794494
337105
608448
372499
610925
526740
766955
230054
216282
197520
711988
397872
708680
17785
265648
430560
558370
933169
242566
117656
944663
487903
494736
719618
637793
265497
74455
322372
181657
976977
559113
400895
544996
866788
643345
914627
866726
154938
949003
459325
778168
115754
148240
980918
784217
613641
471959
829687
710622
807373
282721
963452
550133
708036
941533
565453
581160
70812
770740
348153
194585
34940
605309
193702
893718
144738
592480
313348
765952
111313
420976
773335
840071
461110
677410
468183
8541
193862
196341
561533
118185
696531
14516
150653
814937
467888
297655
737342
308859
64515
583789
752196
334918
25708
100356
331466
794566
142519
248413
189116
334721
153597
607307
367782
56944
954343
763676
950688
643587
451092
691844
234805
73191
861537
356508
119581
298962
217609
236399
474264
446646
56669
908622
382357
307363
358744
32223
499152
853127
96858
636601
326082
774852
788227
681689
235046
362141
967704
303888
251669
529221
931391
901885
316207
200867
625772
422449
325400
255392
472169
566687
261904
568854
832030
606027
137144
596232
927989
544229
8595
182656
359167
222221
637087
632844
985584
887661
280059
332189
332462
757243
982393
651631
785611
219314
540260
364348
546878
855055
41012
129762
505115
211861
692671
674501
92333
821688
171923
426413
654244
914809
264964
482724
514589
495886
429443
754008
477264
300603
549466
899224
40964
778854
523760
621875
727798
811883
57405
42151
108079
788686
710716
94166
874358
879879
688992
261051
543120
559209
280907
884497
484597
353690
221506
840514
270578
438284
471491
521751
135385
531138
74061
911081
343220
857238
433676
564583
700633
14123
820386
678302
429026
940925
354665
116627
279991
924913
589895
495832
625089
507050
954923
700053
348872
114467
322564
754779
615011
363707
359938
882029
933916
869931
824508
39036
738028
455698
780216
916811
747890
285628
708911
505123
496171
333072
524091
65617
254141
900366
600865
985107
389985
619372
614969
187070
573111
423589
434888
882456
743833
642497
687983
652940
992048
373909
280336
533209
358617
157624
900569
637064
593944
235740
892605
338667
412682
139538
307321
349738
182847
303280
106986
640806
21007
950778
521539
845544
250088
725754
267220
7930
258229
802395
514216
619483
199584
393874
112227
325623
252835
315685
85754
324459
430293
214647
932229
846824
167874
166144
886568
592556
159975
10161
349365
144911
497766
244970
859745
123235
66855
745701
778156
734966
131327
508796
632304
913477
924376
43530
477574
980919
57860
704943
691131
748059
409125
970882
119192
790064
426187
457336
145506
842592
173159
904207
964829
511497
905756
777310
500201
837567
89318
866423
72302
401284
944441
923909
141455
178620
301773
109915
429327
994720
569443
679863
172681
286351
343904
875233
553340
734853
835686
532293
827626
818469
121778
193940
888920
246436
890367
951283
935711
757689
3846
323769
284700
715799
892832
944827
817664
20725
606122
905234
938118
939667
705686
335232
549077
776891
116997
211054
459028
739719
356092
749949
745372
689221
166962
923248
122151
604743
755428
148871
893716
846697
315906
717467
953540
618516
61012
820497
785743
243096
204284
560107
27667
959094
365349
170983
789529
276097
294331
30988
239466
513969
106351
302925
540062
889746
913629
172832
859558
445594
706273
334832
124538
664008
5738
338541
381152
863078
467571
647605
992126
367069
591188
258216
523472
108372
680684
760933
627414
229201
447070
80090
769358
549070
231728
340356
492584
471427
924553
453056
483529
184991
737355
914883
865401
427886
141053
813149
483280
821975
379541
245360
978461
937706
7414
912361
914775
43902
164810
925411
299686
550361
680342
285363
425817
722686
290431
719632
884876
487905
66464
788211
919909
346084
664372
347794
480225
238133
946768
562811
626637
14403
396288
909184
455985
114643
138812
781923
829812
559767
253609
907812
712070
112921
868981
311692
357553
875365
659775
887048
412195
916004
188179
992173
857398
207154
800936
11382
775218
958931
831767
581052
954742
856785
802934
543316
180668
48104
398147
531733
624347
472041
742162
55040
530030
149837
100309
684195
492358
859885
461870
387350
146151
611820
630766
635483
330216
47245
779772
822416
490230
261841
872699
26454
702037
135945
693316
672314
629156
540056
288774
232346
583485
350750
615709
501869
695530
64252
823947
976967
782860
563263
508838
502197
548538
801963
69735
203816
164060
489461
18448
110429
465906
328958
254804
132108
996282
704942
362471
831466
975480
490534
350353
801719
236763
599497
775144
359206
869562
150228
208655
568246
190563
401407
767570
517524
35936
609951
189266
947874
785340
441908
329629
245429
986605
716224
169770
931473
649242
901553
468652
836111
868554
629117
186583
388305
286527
382734
157041
906256
300468
723641
206206
461968
908169
786437
844008
119815
595102
117765
688460
924668
893691
136306
175874
519527
799112
876893
670620
300644
435642
189420
464880
429857
510454
31556
74980
195538
649589
900700
748213
286603
618036
163222
822293
675743
320175
66657
986960
421277
949133
462563
119634
730221
497772
764245
68957
782461
307126
845162
983637
817027
360414
521851
800022
811717
535475
921566
658676
247741
112164
512003
994795
208187
53379
361760
94463
695230
201762
439178
111443
113923
774419
468541
58632
423667
814346
211105
613720
331034
441528
579943
777309
934417
414216
928273
389405
542143
189973
257769
220253
597424
98088
203873
105869
147196
584597
87464
277082
494918
655958
335208
341564
252566
468374
313959
107180
142760
530638
387625
696458
552453
706431
468806
888318
974481
317241
823346
854956
327967
312984
605796
37612
474004
50322
910059
751610
555855
508214
755475
733336
625315
289080
777990
572928
166709
967944
733320
227262
910794
929974
659141
317836
821578
901017
492068
4552
434656
751301
538732
34877
186254
617627
795543
321866
873916
925728
176388
655971
574133
936408
109538
34261
866544
124463
213400
554574
1353
118907
254704
907540
134917
380706
872462
570335
152072
17147
547048
805145
112439
580195
577521
262853
487053
773291
863584
237269
92143
303136
673977
583897
745344
720008
313831
764801
948344
754471
313199
990453
386698
95939
972260
661791
295865
688416
480420
260235
101467
812754
432464
57561
546098
558359
91312
916785
375059
788596
780741
503177
695144
604686
60108
223064
235663
297287
954944
536902
836477
230780
250943
160421
736765
373479
353853
359382
329093
811398
264066
674117
430123
561025
993001
171699
271781
27794
79946
737059
70184
195141
464811
78038
435192
930455
686752
460160
57545
968519
454025
709636
85543
192956
950549
560780
676912
747356
583868
887783
197316
439423
152523
989915
14108
475352
924030
711028
397031
103275
813908
414345
547027
532033
578448
425409
606120
6361
656751
551690
797048
96338
389069
316353
758195
735298
807516
64339
100262
907217
941173
647094
154456
935791
640499
832477
511968
310075
736477
360764
990710
845852
979370
946928
93255
631192
612197
862017
340464
745352
727658
689313
345068
731857
227380
698870
410774
511981
382806
100013
353036
59720
712232
376623
200995
142655
303454
473679
285420
636998
381857
853065
789329
924612
45902
267570
246893
203446
752696
487837
348027
921877
563232
459716
132475
166585
968169
348684
645334
580463
569373
351945
48794
102515
139378
813481
230732
549632
910422
177052
73936
297695
37459
349268
719783
266745
356831
639900
612509
225399
36021
198210
595836
459633
832591
699006
369158
910116
195327
455224
728084
483181
731359
478170
11581
849009
904244
683213
368950
325695
634494
186955
923245
531587
551691
779152
738493
195871
442262
324342
56322
627083
286194
277989
429509
832597
657019
241651
786975
593603
40341
661129
774231
67533
315939
348802
847975
803909
646346
522461
1988
714342
860949
862266
867736
279808
49580
637230
486954
558663
54752
13567
780200
780396
338849
77718
636038
79340
904428
63938
386609
299011
555376
524559
999233
544130
437823
303753
648050
989543
16828
833661
998217
292053
93051
454616
866766
164851
198422
736082
263690
339746
427643
537481
774576
288313
50049
271841
947958
930622
831482
321968
688333
814152
996505
188536
536458
283340
936417
929991
315237
322968
767354
71762
620427
590023
455496
31146
494877
645990
633601
416704
812614
264872
256045
337745
150260
574882
590263
198939
488945
550265
573372
784182
986676
313505
517099
757320
321244
850106
405639
858316
25099
43860
374167
962985
629613
579177
295516
41800
885919
850494
44552
715906
427794
892387
900488
211818
849171
776007
523498
784009
660803
389308
981248
158421
109003
964811
771375
879810
541369
777047
696387
79682
313002
693174
697298
655613
80175
518468
381638
31147
431077
580608
420886
990725
874627
692969
313212
826545
233959
431000
171585
542760
971866
653451
307309
813507
177991
961450
928099
39982
153933
575844
391673
281038
290704
142602
174929
202803
306519
666457
200107
994734
730807
996327
958674
499881
627420
617653
187133
501261
56548
474926
763630
167949
306802
883767
237549
395370
878022
480607
594440
54356
968631
486902
754405
700707
491841
174800
52922
877442
601068
356170
848954
879970
300677
473947
126878
442255
923372
654139
827446
760440
305573
31722
870605
197750
137828
150706
772158
837692
725476
67210
149991
276495
797452
467296
647826
3293
846324
114400
149493
819027
83675
933238
29728
731547
531114
140397
393951
952409
132968
871373
245904
155867
432733
508099
625115
266147
177327
361378
453577
267096
842927
943652
990937
8531
170767
917000
928611
674124
283640
9802
655049
512574
262445
57324
636882
981381
401057
583349
114577
553126
946778
452417
977734
858341
458045
488230
226306
435363
971872
180109
442219
302853
737258
745300
184381
619730
119832
643389
812624
433218
465063
865752
467177
599565
785965
866821
444816
383097
445520
237121
76588
564990
878659
215599
121224
518914
454004
929209
229934
110319
937658
62294
939832
251128
581664
181775
32831
872082
525695
564038
713324
168791
144764
426693
560798
520920
886934
506841
392572
91034
477052
944342
208016
972990
585368
123941
99957
899660
908653
157302
123592
35126
337337
901516
460531
693758
501582
124020
48836
952923
534513
647782
52831
890287
659838
10908
893463
492007
17207
520477
966193
383790
561116
193419
944315
250161
502576
282871
647708
773970
467553
164973
687096
871604
698266
789952
449477
971556
364506
617151
839788
714594
539266
594076
545647
200940
49223
895432
345820
309677
174240
603353
178733
532290
745361
531771
755736
638257
297295
926214
515993
596386
554668
708692
638015
859837
172151
392067
749218
62152
573726
319083
402866
621122
227890
750624
455040
789877
301540
751755
197224
491330
418944
221452
647921
312396
42814
654849
334855
385446
636703
890469
404272
441962
372148
707526
62374
60758
336107
431576
413685
352357
365963
864940
330154
901939
197804
769293
322070
443739
231830
632303
636518
246022
84940
592223
271489
662036
168964
670938
944265
441048
773383
77359
612816
715156
779024
442512
130500
680762
935120
791699
369842
805072
112915
657249
423898
412630
636851
500311
667284
77843
487199
7698
807952
777587
179231
528975
149
982875
532765
41737
424410
107297
446962
404673
918225
128251
548803
56807
598028
978354
65911
728689
426996
20711
126703
581913
221932
702715
570643
624742
165065
286869
181372
354800
892278
419807
474266
648548
208229
586508
981537
698726
361594
148136
602163
745378
171602
449318
505978
856620
592071
252828
302216
698648
133757
693172
469234
149963
933253
790453
176314
525245
790631
915084
658150
795539
722983
103602
791424
442265
161967
785194
799773
835309
916129
855044
423254
355021
119383
519695
41437
912934
182531
414972
261465
297620
982665
960326
265459
565092
283756
144695
662671
895113
439696
146092
883772
286510
437692
656256
975895
710171
85457
127111
461863
874739
810652
569892
184915
287409
946826
41009
506778
463996
238581
639817
112869
814962
462459
149043
20544
216979
772123
373744
216767
585593
520788
612117
968191
859368
664722
432670
62971
858543
324256
276149
638706
113827
978591
164835
419497
298566
44157
631725
987539
618597
70295
601398
526912
900009
458015
414753
440946
100377
835870
121272
516863
191488
20216
22821
315249
411992
744788
778656
135742
560689
106645
36235
958248
542430
372786
979229
900705
738983
495366
653224
955323
860130
355436
789565
566252
842004
497934
775530
259393
660000
427548
669247
311808
875041
539703
813644
901756
550438
487874
826249
374199
281032
402544
20183
19912
338720
434276
713586
943667
934135
789666
305415
298835
851432
851400
408816
18029
963320
349787
40712
563775
561181
501102
747904
566823
928098
806668
313690
185487
981665
965254
121059
795744
162459
380087
463082
162938
540237
721232
780551
521427
553287
255605
491881
233829
40402
392320
359157
667574
625962
463017
134054
129934
886310
908390
52744
675685
572556
157166
933125
142072
957053
836668
581655
187104
776973
959851
680209
488634
390717
198049
612924
697834
466584
717833
954549
591949
566408
671319
799007
13527
351344
759495
311407
258367
257063
205846
968561
239324
499084
491488
870126
930799
266689
712664
290971
727653
239606
966744
669480
636526
862713
684597
428696
876839
590415
876530
177898
988492
967466
307926
790119
924365
553358
271737
772933
614835
382402
871313
502
910829
644140
202410
837346
689325
284449
52082
619758
804140
185628
379545
358428
814422
855981
965627
953133
368203
221061
909485
562694
369065
188209
700644
524543
736330
384710
128773
169849
574869
532361
431029
412164
806846
705251
576106
307919
957286
563846
94708
182051
516823
111030
178103
995710
582373
571662
60332
597880
769603
356628
796836
369259
435155
388632
164678
633614
292768
196554
389672
505702
572196
437615
996759
570713
985401
894591
165713
780992
228824
484674
329073
122679
377008
576289
288193
187152
890549
562238
152065
597100
665153
507257
868460
930270
448599
53618
854814
78979
424871
111390
224728
932177
951063
114825
713098
499040
490114
430828
637550
566790
134008
450424
995415
236804
695997
773416
124024
76319
871017
957269
678212
600644
140325
493616
74027
633087
914968
903250
973461
125642
373828
209260
944298
939434
822464
117767
614921
134946
460827
269260
590000
591214
749169
136478
123799
421484
165443
956286
228410
169621
883423
364915
80225
224256
613277
733671
475704
171618
645853
103898
763842
897055
654380
827209
375296
440977
424285
714247
394991
797359
810638
570226
845042
719965
536141
289100
607383
959278
129104
234243
510592
305946
314589
949235
713808
56801
482592
517748
463517
567711
700056
280093
788346
12229
859781
472043
85345
253057
485342
488786
581724
359585
969337
405807
712444
102203
410407
575188
810852
133877
46010
228995
581716
270827
632004
183269
419258
624529
91417
771862
193373
462075
703689
827176
992037
804885
908169
846353
954586
468602
93336
871098
627112
629583
193253
204795
726606
33740
438148
982824
214002
677761
645037
94785
687971
555139
191230
777906
251968
812376
508013
809339
747732
174740
49179
24736
51316
624627
230340
487834
595143
225680
566707
90343
404798
437281
941504
435960
356068
839757
662204
272595
590479
551899
270883
401845
741381
758329
297214
286523
873078
242283
622709
570711
518938
35040
473183
450823
507738
720155
398926
521875
118239
370494
830399
55159
618312
928913
818656
29582
185665
277057
556937
979699
221681
557470
921452
383127
948252
136177
19500
885412
100290
108557
61260
851899
315210
481132
513401
196945
186994
204505
698988
27435
748977
514907
795525
659485
619459
568395
583786
37275
71346
955853
612003
466835
645809
279622
476643
44326
535280
793081
261355
829993
118837
970263
414617
20673
689283
429045
344299
383844
403035
602319
140002
516203
788772
988501
242950
14152
136864
345729
725949
30089
767645
281073
545029
527867
442078
863254
618549
637169
73308
18889
582795
86795
852602
639
285099
721396
989708
411262
491747
478055
447368
479149
409265
25029
425439
185162
710763
104269
414680
692440
106060
734890
527806
413217
643194
42276
550084
120843
943060
995998
898745
270245
277521
641230
995405
193548
648974
68044
634808
984828
926546
909251
863496
652792
266698
321650
890938
804202
885673
372376
261438
604041
165172
409029
176573
748727
733720
180389
624325
472285
762868
237631
132642
296477
203760
981143
202435
26965
35440
825514
109294
908996
36876
488355
6520
486655
881058
723685
466777
486008
998301
727393
509071
469532
199166
453285
155628
419896
283271
659394
923880
216782
101888
324498
797417
910014
869012
256143
941846
83486
22023
79210
183530
592400
979643
126453
387897
765149
607559
30920
837069
342225
722377
479338
382079
107930
199847
763090
41686
314313
126248
550129
237250
636752
381074
991068
531244
901333
268704
612722
506503
127877
546369
892909
855459
309760
910736
354470
305350
651123
706891
70868
289248
880466
77851
699831
276857
511830
762443
318039
37251
113825
322004
134661
342339
433774
295651
533547
400093
598436
978749
205140
685891
141647
534452
454910
515185
688118
594187
143638
257944
225317
505657
357616
262435
823564
837904
508385
451182
797996
559515
509682
934024
853049
640953
314638
501611
996561
383746
962870
307434
570861
2013
382111
598176
814659
345186
212465
832211
962607
890237
526743
646304
107855
498209
363947
743470
323337
939868
784464
123850
864985
881269
707589
48969
497399
179595
70427
492389
967
786430
20959
501585
978226
868687
549254
182420
993765
531437
494490
865331
501752
622313
520152
258003
661770
889887
906748
10590
68905
400049
805338
484473
257802
742277
563707
633036
40651
604442
471034
672317
842026
699167
560276
680725
63297
490566
207334
850959
588480
417450
122556
895180
102294
322906
846620
38099
278549
81674
145700
224773
789522
232464
309711
113430
739585
54600
554987
252536
622043
524849
734800
579977
398017
14659
786648
195563
289595
269231
666281
801933
433683
992677
510165
479444
553560
358360
958885
644826
245727
596249
695242
368728
651945
871472
487127
311979
70321
367328
264307
643181
162898
494756
840887
570659
626567
657114
865379
849662
623530
958145
934992
491970
609345
622014
750303
230719
971347
932559
864032
290451
696494
945449
349825
33552
52340
598324
393167
842518
492598
672509
899657
536769
22785
143333
191533
987292
492782
107906
390637
797415
461066
778647
286911
769032
717300
72439
191275
817029
401353
469534
248654
367276
141346
939142
922444
553031
302708
471609
290420
579009
424379
777503
551627
960532
175206
934532
825102
366531
729405
622647
218131
39684
698920
289855
1395
165412
615034
356064
828
685004
192131
874960
404777
358803
81764
935492
696447
985613
711853
261617
415233
567554
858818
743726
689155
509143
402820
55544
679903
179993
929016
639666
161063
17092
450292
512478
780859
850892
106516
889589
218542
5711
637571
176573
456583
536054
205920
532651
990633
444022
560871
888592
670255
997130
971100
891812
393572
89371
12195
934166
408800
610661
468253
879894
49359
800970
905123
806531
343699
746052
90052
470160
796516
343140
388924
43486
387902
939048
666418
201838
337624
272534
473181
864912
742747
580476
432314
873175
830923
637399
568088
885070
244597
864434
764070
638151
652190
381963
834884
2959
693001
295742
663176
567639
128327
545346
136348
684412
370490
143429
940069
361836
775524
571916
679079
241158
148680
845143
930356
307979
462565
308797
147264
384979
416204
516837
362020
765847
963764
556291
241905
289161
561032
402701
684570
433274
566271
358256
59987
624794
893090
312258
769690
394893
752857
572008
674827
556095
702619
834693
397868
489515
494052
641145
611839
476754
615591
394891
356581
845078
352411
909666
653222
348429
529505
21341
293016
524781
426891
262116
550585
862843
191267
32957
687941
104024
146782
351974
776271
290564
913378
720059
447205
654983
62301
189325
402158
802380
15516
494132
643498
54144
72934
398865
558967
253289
325634
911683
883376
747829
984775
30611
699629
904480
478036
439410
623188
111725
894597
408199
66994
325275
805464
821062
512429
322679
661036
133454
349204
764863
338038
430791
504171
224457
642259
30960
495282
612747
793964
53451
39609
13928
954650
512632
59021
177184
475261
119217
87403
700092
738521
569851
240996
902505
666302
538077
198344
195593
304513
359487
6538
319031
473807
929131
22061
588865
578349
140203
271765
473440
43985
220318
924815
614736
961744
136697
170284
322748
745837
306111
446087
592346
583752
762092
839908
591707
219234
693867
336551
131410
929530
512467
1767
891245
152145
843936
831140
721380
2414
762573
843453
474703
273527
214317
628311
912753
500436
638039
363301
868941
326661
857529
770236
175762
969819
116950
384734
759022
722310
785559
248547
678913
535719
522435
907553
928010
161895
218160
696361
168313
604392
607967
327328
757526
767938
260397
969737
848439
881187
508336
324578
780072
162371
517330
770326
666008
155198
931845
902133
40700
492851
646793
715843
680805
564111
102997
132136
573498
623062
875729
426165
270813
471714
130059
663360
127436
575037
61145
260201
763727
665749
668113
935049
386470
839879
963686
312336
712887
315224
975772
345219
320421
357798
20008
157118
442918
13991
722542
329409
975974
809229
49506
617020
678812
281354
193814
420080
971265
355856
11657
520442
41947
90662
861784
877399
192858
123679
142116
15801
947489
353280
643140
408901
710533
529840
538903
512410
969850
798030
548126
828509
723131
20758
544403
729990
56381
355155
840647
244682
427844
911159
74572
656036
64158
979022
275365
512935
65645
791933
383680
433900
970742
825261
455269
239754
37184
409327
621042
334329
766991
835703
862002
582942
906327
8772
935654
999331
478488
78442
651255
457660
312591
883741
815258
89625
981879
640539
876832
527969
299113
273349
808332
315564
283380
477329
409537
540421
329371
811960
770618
586305
708962
384978
450812
139248
313732
449911
302246
673126
19161
181908
206091
291972
296004
136513
97151
350186
806233
259873
979142
849748
60519
584828
513425
449630
657309
896940
676195
568539
811886
122264
791375
647869
474465
112297
467435
125185
252381
971883
995503
85947
31064
386789
143503
276741
836072
306366
937260
119320
313497
273252
525908
331911
714102
69901
47377
591014
448381
777162
142823
530207
902175
872841
409687
26966
47526
400834
265487
757451
499128
229783
942827
63544
616469
913319
315524
265479
364578
33811
21820
234586
267054
233367
599730
709467
523990
437942
668488
968924
350573
294264
306457
867982
711104
249409
807790
279290
785161
397034
706485
868938
880519
533202
986598
159579
789646
352460
541323
608853
227321
368411
382102
149849
455753
662557
653180
323324
236020
604167
888917
877096
91580
98594
13363
943398
547621
21613
567170
634667
551434
295432
439658
955515
981551
524111
758225
224371
830648
400923
458308
971969
878234
849984
730384
352679
48678
394269
962452
114328
38463
830407
803813
846071
569803
418736
546468
614029
927338
399629
522115
830451
417929
361757
654423
742342
483362
405531
587358
805693
330511
959460
970887
296201
827414
765594
956073
238764
766319
902796
803654
386851
401651
666673
705606
897495
932752
778944
560453
205073
585008
316539
23410
651964
430626
194314
805511
769716
629802
220983
946254
881585
427858
94447
796887
405541
843056
82319
281988
943363
368155
121308
851773
841897
296516
193490
483448
380450
96848
829868
364496
375475
990919
636494
112203
679963
943183
723646
810750
498447
322932
684717
929298
425204
736902
362742
611624
757486
907298
555805
580793
629792
956634
248148
302279
379748
292033
65025
307817
889829
208640
792545
52674
378576
871179
788652
104013
745135
16627
450486
221511
434770
347414
62725
267687
301709
466867
999823
289637
838454
425961
514592
351596
734933
597570
41429
215400
172138
31565
852981
100271
766721
547421
15689
982019
217294
231926
326904
82906
589634
385444
421976
865797
774781
223816
604534
379259
997169
232808
471215
744071
703727
192210
820236
856690
671783
756937
101890
583046
503956
588122
191289
288366
680848
369251
146248
98237
193836
387428
915380
805822
235631
490086
446181
464004
68411
190818
25782
953489
679510
57837
887189
863719
161940
604109
503198
918466
489029
54078
644054
618385
884486
198522
221570
345720
795021
192392
413252
609073
353949
492100
239729
517053
560916
75876
44875
717326
402925
816329
541570
571633
91486
66761
780751
47725
104078
636090
574519
876472
987654
831311
255654
768090
928172
876457
839378
617241
11628
24140
524935
505341
325686
76420
344188
172893
581515
858319
644613
368820
605957
737505
950601
862036
775691
371116
748903
837931
477030
64323
513283
204629
794580
39948
145342
947224
504918
404468
241233
929512
801162
29074
679142
429606
52721
86758
894434
576425
941349
754827
506083
737131
968075
29679
270102
690589
131588
645621
457195
148895
401651
445995
929852
288608
893334
942718
378685
496795
659917
204824
272427
486326
112766
138700
187020
392522
922182
929103
866205
922477
108916
182841
891738
222870
984879
704192
421515
886348
804587
896025
507548
595555
935372
352496
904884
863360
111752
132597
602439
363961
803017
589310
75616
549380
866824
102513
209983
836829
787024
16705
159717
252731
781009
924368
971710
287645
618624
835132
466987
2303
907136
918367
669369
418553
979334
356511
504138
610803
66710
368041
757100
4891
667607
887919
540186
404129
529573
480454
109964
549004
382926
321618
639856
320989
993466
56913
968007
405755
579378
814983
896624
611311
571861
949646
973939
507215
830051
273012
969053
417662
65888
724632
277744
510287
539049
956449
52413
110790
269752
76780
912948
918568
639727
430151
102143
368589
438947
450832
36990
488534
125719
239175
466540
637180
336719
9885
172085
20187
875614
154169
83114
793473
466569
563121
283143
453557
252626
563012
46392
540508
197276
315339
385779
45051
387387
602222
664499
309990
491749
333075
390128
281359
884948
919539
87678
220907
862200
435614
55134
103725
936411
538154
213995
948736
991460
813889
253164
961645
461033
153441
855755
196673
183949
56253
226263
192613
956478
334624
84771
828497
439642
417352
153043
233304
192844
526678
265418
622083
480545
104755
139147
207649
750395
451860
531485
33227
501551
77798
694447
508523
671393
495612
366162
321398
766204
354001
866536
92319
173216
928193
504055
882161
422747
100688
462824
339458
452949
361234
589962
655439
77007
852906
212438
498940
102872
667523
901199
34464
726008
43470
294369
931330
551806
702664
968587
787150
629873
656915
389722
592074
249015
558883
115791
119814
579440
226400
303632
455898
15381
754064
777503
162560
803137
581044
246364
873010
100822
713248
954059
836335
449086
720948
63286
169174
7432
135132
313369
273538
176992
948080
59872
154209
64573
352748
260643
707280
899285
913470
580585
587316
75179
595326
762176
18754
122101
554626
169413
62611
91755
137448
831571
937877
654088
991785
965054
224588
526098
681980
365056
229258
674633
327636
965184
700729
348496
964833
447158
63731
283003
952328
931920
647303
90183
492466
338786
175070
686032
394095
4554
344413
727095
527182
106874
332212
124344
975524
535838
847645
293446
920550
258026
119196
485772
536498
274501
306213
250443
161960
798209
8201
309473
267041
779435
191290
218442
57116
856321
235478
545408
256799
869886
343232
670098
780403
381569
45640
1221
712590
991195
442722
577602
655402
452889
456679
882182
921465
607092
238375
808814
909439
423220
816256
209755
943907
117226
622147
275149
820896
462246
69208
190471
710311
342554
433917
448295
132113
58337
836890
799178
663593
321442
697929
883384
336076
693672
120896
939367
341753
15718
846274
812958
461666
216164
686826
548156
326457
538682
368432
709119
280118
397577
958235
924660
797157
685957
240894
950478
434421
789331
556525
377832
525024
875306
437189
376040
853751
265780
459463
13514
516919
82973
796185
559919
956641
579354
119183
110322
676862
1787
535304
98786
569406
842737
779933
70098
790949
440227
735359
68202
190508
100353
666500
371072
861376
931852
194977
74513
216814
54750
676148
300489
316204
630910
155128
5715
14384
573010
700085
498357
903748
832680
528086
667739
264215
814191
724876
505088
143929
876003
430138
981833
842504
690813
419886
573197
53651
760698
13708
314241
605331
905770
3756
976858
489271
543949
822052
811139
839265
990602
801070
932983
856416
467513
148491
319786
812256
611868
49797
33655
125909
811471
172196
591115
813262
909462
200741
782084
64290
670501
963796
979487
304429
783994
162167
422935
338361
205062
806666
782101
326230
859981
685911
762722
685464
432583
663496
693550
93832
317358
365706
87116
654631
292693
32804
590279
802045
905918
524139
599392
518498
545736
886353
5203
16583
235630
601529
27875
831842
45245
855946
204496
670942
870295
528221
180114
769826
62746
346876
736594
611074
842890
961165
257675
817519
637223
795362
687674
834114
957964
196361
687793
601981
371751
858556
648419
52807
649810
30609
76780
659175
706265
928276
573608
983826
224670
839219
644967
710206
458109
993401
299085
806091
31100
660712
164060
584852
340989
540883
469934
564231
474632
135235
985235
275091
248100
881663
29170
902754
821245
730301
219853
727284
316695
15264
218034
408018
418694
805654
514632
888924
179015
905674
246977
8020
305571
718450
149180
214328
348472
831120
410677
334059
175062
350636
376240
303369
390160
291688
440950
683721
313659
152290
23573
598326
381224
811201
318157
241220
444663
37878
381320
96169
179292
853641
594738
508983
372156
246786
309822
847048
186156
989369
523733
483469
943153
585140
320230
604502
619035
392736
930698
968560
123999
302868
103902
368877
783252
730183
819132
561467
921620
228084
616439
722655
477799
506749
157597
268954
471087
680331
358374
794894
459264
978910
160905
415764
857986
114840
936882
411683
839732
812985
648318
492496
147438
411914
341531
490513
400765
770887
738418
856794
651171
218692
621970
18684
68242
838759
223331
749528
679859
774953
816583
19326
211773
379113
454256
916792
900029
210308
48518
753378
7620
83336
465726
238851
943151
387026
679147
31811
835494
729006
367828
158810
99085
980898
288871
919617
567280
5221
743579
376598
766900
641987
41340
301572
649711
959202
902938
227981
833130
757727
679527
749501
83178
938708
365433
403673
300868
552805
739
881742
755346
257335
870126
180184
302668
3375
162512
937750
100904
193599
544685
131938
96021
317601
582501
604236
727735
349670
604541
373273
762284
540162
512815
223988
475014
841994
98651
739274
108224
175303
592928
394480
350133
273521
770138
956027
703928
591131
815143
620597
929104
946060
58082
773697
81643
367319
372736
124303
98995
311351
630979
239963
867184
679006
803288
133791
471174
230681
612941
776672
18871
271625
688338
975615
400561
215457
840409
489191
408516
574526
925389
75578
308812
454909
70191
185786
694815
25701
249407
537559
928267
102152
48907
913446
811556
735566
248364
314259
158723
986107
749389
426938
421386
204683
590991
109769
460522
644348
881379
899468
370447
928442
564788
61114
95135
330693
991870
356189
520002
371177
308486
934407
68382
441441
84670
765874
328269
972817
315521
40947
331619
625398
709302
461454
208955
563109
883729
329621
652649
695419
896101
576695
2604
801609
191341
144130
580853
342945
147378
484164
862661
36039
590495
947097
99927
572083
933777
798713
480231
277304
526874
907814
886854
716041
790454
371074
849833
826330
217685
626341
577165
876291
159483
837771
713027
456091
850112
423958
74218
633603
582882
716364
407598
951589
598482
568365
734226
920145
714917
739208
97066
241207
200778
521833
208892
13124
892851
104191
258598
314785
183761
801423
834003
713002
682066
587570
866977
616924
80847
322655
715018
903069
894487
11851
928104
628441
148025
161463
79614
852246
68494
390759
887570
904557
150472
514012
42373
819232
294026
183708
968171
925317
766159
259931
658220
743693
568326
483774
674782
731916
32631
941723
28933
68934
575803
636030
545871
471985
49273
161614
270977
30570
899707
737198
727951
657609
839746
366814
353110
66993
193876
702923
102630
151704
877928
745148
168676
359946
769519
105597
505471
641592
285573
485233
720165
897353
385038
783477
41698
632999
121012
968864
962582
865536
766144
300972
625846
803377
495643
557988
677361
624288
529017
700314
650797
890355
478554
514631
730011
995782
731042
626430
126180
159310
879522
249356
202354
107085
231630
829679
716963
893425
36764
532336
184188
566115
409928
255235
860127
280315
678193
520804
459385
322112
556685
413229
540614
531164
773568
457674
927890
164307
434342
490380
367345
61521
49817
678307
367774
446179
82402
711684
305892
87297
502923
125899
60438
287814
934375
789848
796476
45166
807176
920693
877276
205093
708149
910488
14288
833515
996201
654179
657537
842025
333344
592721
713678
988196
170065
986686
94807
241321
387251
937647
438599
556825
268911
815241
893526
878314
125194
231279
878757
615957
145918
748299
657084
504664
211677
603885
804233
87442
271054
874925
825545
700803
685411
464256
320915
753394
401953
848230
993706
919841
524371
725293
154910
143638
469376
116342
109158
720756
416218
416414
296154
275154
742114
728929
375209
834902
985015
138605
609778
59955
59815
523253
164973
687484
776846
959572
958358
566005
552090
650971
890627
4368
765005
769280
968972
215183
798415
345363
565778
174695
999660
820273
826099
432979
825692
548417
749085
111007
297412
162533
374668
226513
688992
518152
663722
451172
542911
949215
377185
660635
635878
818798
549959
80149
257728
137468
984636
226274
15830
159932
727091
114703
580907
937634
352982
650871
163694
395390
416139
690451
701159
474486
865341
787653
459690
618754
106187
118159
82385
515763
604554
838653
648420
699431
134917
235017
532260
796100
561626
315807
285417
791845
197857
66629
277844
418558
562635
825116
872203
319941
701035
236776
732681
51339
49985
970782
839414
690228
228198
914518
566655
153809
663478
419394
42454
518793
906430
472025
22817
263879
32491
438626
845283
471165
122969
441518
164701
457829
312605
30625
185292
908705
871196
806051
883139
454063
778379
117123
235897
411096
985239
136347
43335
473848
218490
101515
413320
901793
660305
594724
110982
894965
970334
532542
510195
541731
949813
367181
960447
938289
178206
524871
681005
776351
380609
655985
338578
112665
262514
53810
852975
921935
433948
967667
634412
910069
647076
234516
890958
459518
402669
65110
188116
290866
507324
220516
505966
768078
53911
617431
361700
828089
674345
411983
464374
373470
601914
277694
989600
990040
857998
251151
128475
915501
726896
645988
628935
932062
36910
404
738939
942823
763700
334216
237300
341239
203989
547992
135860
333752
727839
138963
520177
331844
653144
466992
807461
610872
546766
150129
210568
124726
646235
265037
254148
668252
720654
475515
970220
260417
608846
5525
660524
462339
649635
145365
434803
393602
969291
255391
779042
31044
33434
675897
164671
295687
377329
620241
746436
800293
74491
717154
908345
552562
317396
964516
277628
513280
697134
188023
637603
586243
65712
782546
311757
274873
633056
310085
271085
51948
531480
85753
721048
142117
17278
991982
867563
366242
769408
601944
135685
411504
89008
87287
340559
107258
854159
44513
286421
254647
698216
151382
422709
294582
366873
702595
521588
636227
581462
456668
691330
104261
959735
627550
316296
511554
789462
190443
955863
403492
336627
246905
658951
145829
224048
956088
203405
599872
516243
323719
173924
23128
973651
925739
600262
691739
428581
797557
719030
220413
24122
251396
755511
78951
736577
192636
982618
310300
965635
631497
566781
647558
271710
959391
297496
826067
516638
251218
488972
877182
625712
327623
487487
73362
42255
667360
993421
236511
250099
992529
67338
605288
757208
592419
317989
930179
881073
229371
527833
991015
972330
947519
347831
139386
229380
838166
755314
602822
568884
137
612108
258982
653066
656709
858485
22409
866371
880123
933654
275327
965619
248423
805235
324575
187205
276288
226635
352102
622814
770892
308346
934833
715577
655866
301469
895333
278656
961671
341355
977239
698017
920470
306809
854265
104116
639810
514445
29707
639625
14670
615131
781289
321948
114736
295153
986311
912616
637144
541490
222016
126678
418539
719775
289530
112793
869355
274256
335673
530938
333376
808790
140143
574736
233026
792149
256332
707630
772610
373185
418447
687953
415216
343665
597125
81983
192469
278516
957688
43926
658571
272957
672411
768373
360443
519621
499091
987951
604401
590554
466991
943871
987272
651312
127592
849822
197475
707729
116788
403774
441309
218994
238344
983918
114010
180166
682045
853964
7205
838051
116303
761874
58092
139522
291926
460760
925267
481953
24692
830037
186807
330761
318500
800988
753528
356455
292828
269037
870672
318665
98458
633321
431445
460844
269817
774299
973460
478644
862505
846512
792342
567128
167820
613978
844332
845000
955214
530963
171104
884141
757083
914782
255216
754064
132252
367138
184306
115956
594637
776305
587655
490111
707206
427651
721867
972626
969580
820973
675907
818728
586874
49442
682485
446136
30030
49370
846836
375329
781716
648251
9531
325604
620375
289681
862211
365737
807265
219691
139727
493143
202119
105171
665279
931299
502654
799528
63867
515425
857630
755063
61056
832725
184010
340365
816987
925885
783319
691884
718536
814874
723332
302709
364815
378606
867241
122288
173081
128958
97547
755528
533992
547355
915857
358548
828522
209129
187816
934658
845471
241823
845653
44384
311068
427209
125744
17062
853659
718042
687551
851451
910882
182280
281011
334687
868288
571066
565516
911792
262234
321163
64034
373810
741670
915393
905501
76734
859440
31274
77634
684030
740882
782229
6825
74156
483306
899141
793266
255650
392620
792600
765345
773754
121625
785847
850236
15029
587861
201415
776209
63883
507274
534936
280431
834532
164126
350003
263749
293724
968779
298824
446420
857035
645078
413251
287025
841007
890734
446518
247418
994519
810321
82376
451765
128180
715260
598438
195421
176088
292709
485474
922912
328886
80727
323420
292955
292849
456123
215392
876742
81790
390243
428462
254202
815373
393575
808088
657456
760256
829975
573554
502896
744058
3707
394538
810416
234044
616122
151919
553213
893518
753103
535364
852631
603188
39430
990267
833996
509196
912562
439768
110862
84354
697422
444168
751985
867733
767337
868959
208667
86470
157029
890396
806357
822159
544553
29168
815944
525097
174136
451130
864701
218847
575403
670454
88004
593940
511573
24118
289671
735180
515396
424921
815934
537130
343370
338455
465909
965258
282843
141564
685984
447315
210636
807367
418434
515499
743941
604853
202944
752314
503231
407388
636529
462834
72205
560333
770942
847039
481396
677608
921290
775253
140685
412831
144838
277562
922843
203139
60315
197794
267318
311570
966349
990677
583311
623740
399647
666610
126903
591311
381274
424969
792404
291519
930918
529606
667643
699819
797667
638398
671543
190914
340733
724178
425820
809303
689528
242529
657195
629636
579722
590918
719112
283140
976563
645068
240022
511048
900240
186728
817217
49042
917774
989984
89441
706424
984592
801577
337855
715992
645156
228490
23078
159821
739725
880256
796891
964640
433451
954338
601928
878792
569706
703743
453238
339479
552932
993317
484529
890920
453903
994416
332358
76013
84394
249559
57296
579172
956613
75145
586593
7265
388999
980179
273145
548331
373019
334356
156224
911343
20377
495002
76894
320247
576687
527509
32070
885421
742329
259538
273382
707450
775416
879983
288610
461380
972724
517093
203124
672634
305118
47175
456000
214487
412654
839827
130298
845795
795493
734708
730061
558846
839640
468790
819163
641325
526618
184958
981189
272045
44653
909377
377568
94101
562188
795669
516325
46234
674935
11373
79976
116633
292968
852260
72536
24067
308113
681687
547476
868581
353142
727493
576411
845278
427773
453067
358538
325460
482591
930484
790393
203322
96694
363548
891825
935132
799713
71619
85350
291377
31123
989057
961141
458640
122294
150765
228066
803142
467974
15573
592642
706269
427984
573200
253040
346256
686559
437408
115732
900153
281334
951065
199862
224792
297416
324642
591602
821564
70924
57640
740602
552139
443060
115426
487150
733991
197965
267648
496098
566769
868921
557815
417073
312382
936868
438774
145636
840718
417485
750998
723199
454452
548629
467981
271471
794272
874629
217224
637680
901677
369455
690735
247801
560213
254352
573427
785438
55642
19942
882073
383186
777150
546603
165494
821310
239647
584194
865540
956111
333774
672605
978314
68620
925977
593626
639311
745274
434598
893082
241207
128449
126027
916810
488417
149360
612537
197002
410994
562658
223451
204556
767790
15478
474887
261928
633956
918764
19783
368529
912913
851079
36598
421801
363084
561051
657466
682067
763206
181131
468399
703954
538507
999841
387014
483443
467812
430434
967190
404381
626647
669653
852994
134682
84305
860429
242271
858760
857610
396974
687825
843142
477886
770473
803348
36464
200528
119716
722856
188418
281953
385498
834896
335756
972984
772920
52961
713733
490532
595118
946333
490603
493376
639084
523906
738823
718832
983669
498599
813018
854009
876525
950978
630435
290296
396327
525115
89566
717887
385471
522891
126904
86813
623369
488737
326633
23658
649123
396739
954878
533342
652808
246174
196308
620809
695714
447768
899100
179021
341023
627525
473190
151203
867622
502004
690285
83881
281716
980912
972150
943222
654911
150272
561453
623640
115384
880864
498078
291212
453170
418915
89683
384598
514716
953967
100852
255650
739351
155505
988144
536471
605692
436442
492243
38387
824322
977133
842293
443107
639844
645681
826219
62503
37142
24326
394540
299289
320075
21410
170054
117768
923611
565434
873268
266467
300542
772041
900900
320414
800442
704332
34906
921023
30585
447891
950950
179820
796415
58516
41932
825784
293300
955340
294038
764976
333203
295209
34951
688793
501290
624624
317511
819959
851050
839833
273667
882938
55298
948862
755428
690429
468327
904223
19356
65834
845816
523008
672613
92028
178972
221201
910614
261461
283455
528861
583834
76813
138151
517651
444437
43336
80756
835835
168325
35264
564011
809986
316346
393602
376295
417123
197130
209129
792152
63914
796105
403235
691346
316997
229201
984288
59537
624642
19654
225603
640031
847379
351910
183039
665796
94214
63282
598990
275808
40437
742629
681638
262462
9378
932622
813223
450282
638870
110234
941623
154427
756435
146919
211365
584789
66637
138886
462396
662987
648745
428136
189543
810816
890326
901160
737746
796096
988101
114782
186253
522268
254916
833561
30417
699003
232913
311984
337079
741
657653
274719
166546
617255
104175
462154
311589
924374
209820
754995
595714
394043
574433
974703
346228
251537
228605
195991
162584
845205
205475
788620
640349
182488
599897
929409
392507
707703
227250
258331
92099
645341
857716
976941
606193
241208
83481
551081
816702
27061
337117
346356
847495
977433
908757
823230
11733
675893
74791
193657
433536
558182
547332
803156
512322
38539
355235
577172
917852
80595
275675
50106
813769
163545
930211
186670
394935
876860
348780
81132
429904
701809
975379
869064
368499
195718
854528
762424
202565
465742
790362
991989
855971
824352
130886
846616
580908
70566
97126
687517
8182
291826
177503
304338
948825
174378
546446
800523
285911
928980
76242
146042
794567
358013
703371
929642
153876
724773
424481
759316
888744
741441
349966
293539
327980
615326
180496
397194
665187
20295
417254
281153
843051
569469
122004
344600
683724
724343
238167
451813
596008
593375
326966
462902
394773
149082
99431
439611
563344
566921
699977
266669
422667
592347
262711
686130
591997
645674
588120
422056
238013
239693
723971
176599
519143
814983
956873
572857
398902
285502
984867
386797
389118
66399
429704
698116
506643
651184
21163
461475
704640
581726
734229
784282
643753
967476
450498
239809
974693
256258
743304
455250
340237
324791
625504
119373
302868
870336
351218
345237
48804
663712
8129
907339
397675
227108
883113
422271
700442
577144
717165
746097
180256
614441
600062
174212
158868
726306
583372
920205
115160
20219
132698
554527
295696
34657
395198
852570
496240
632781
353091
851692
967707
317007
272997
879965
182479
292075
277536
193899
393461
25495
270784
461493
697453
722115
82206
229891
298533
349754
371918
318301
181370
571621
209106
637061
726993
995531
18785
628864
416030
517288
841543
499581
601312
584153
196386
811343
30796
942868
736318
272162
953693
764693
875900
613029
41559
997349
514115
999161
248913
811297
316673
196602
74916
156752
30062
694082
372059
690112
323689
663901
986205
766634
373209
301146
664127
323345
62510
990149
92743
426170
376652
458429
854278
52478
444752
655023
912548
489719
259325
361201
859587
108251
414584
351717
124039
408077
165951
384412
201487
232001
690358
31110
443649
109148
923434
764904
222627
461066
645356
195360
255950
126570
289959
566771
378732
490400
47779
793753
124898
724845
337338
357375
627098
953208
322490
293347
764933
840853
377642
506904
336659
425306
845634
497912
657157
264113
21916
790939
204191
951105
538178
470933
258504
111999
