137
149
404
472
502
639
739
741
798
828
886
967
1055
1221
1353
1393
1395
1449
1722
1767
1787
1919
1988
2013
2074
2272
2303
2414
2575
2604
2959
3032
3055
3293
3375
3594
3707
3756
3759
3846
4003
4368
4471
4475
4552
4554
4663
4891
5065
5203
5221
5525
5570
5711
5715
5738
5755
5808
6051
6361
6520
6538
6575
6825
7054
7125
7198
7205
7206
7265
7414
7432
7462
7542
7620
7698
7817
7828
7918
7930
8020
8129
8163
8182
8198
8201
8531
8541
8595
8606
8755
8772
9315
9378
9435
9494
9531
9788
9802
9844
9885
10161
10224
10331
10412
10452
10485
10590
10908
11212
11373
11382
11401
11569
11581
11628
11657
11733
11753
11851
11978
12195
12229
12495
12588
12638
12724
13124
13176
13363
13391
13395
13442
13514
13527
13567
13708
13825
13928
13991
14010
14108
14123
14152
14288
14384
14403
14461
14480
14516
14659
14670
14950
15029
15088
15182
15259
15264
15381
15468
15478
15503
15516
15573
15651
15689
15718
15799
15801
15830
15844
16332
16583
16627
16699
16705
16828
17062
17092
17147
17207
17278
17785
17913
18029
18203
18448
18684
18754
18785
18871
18889
18922
19161
19265
19326
19356
19500
19654
19783
19883
19912
19942
20008
20095
20183
20187
20216
20219
20272
20295
20377
20530
20544
20576
20673
20711
20725
20758
20959
21007
21090
21163
21287
21316
21341
21410
21492
21613
21789
21820
21883
21888
21916
22023
22061
22199
22409
22416
22785
22817
22821
22926
23078
23128
23410
23573
23658
23745
24067
24118
24122
24140
24155
24191
24213
24326
24692
24736
25029
25099
25114
25495
25502
25701
25708
25782
26274
26454
26592
26614
26965
26966
27032
27061
27435
27667
27794
27875
27882
27892
28101
28394
28478
28522
28868
28933
29074
29123
29149
29168
29170
29278
29582
29679
29707
29728
29873
29967
30030
30062
30086
30089
30417
30552
30570
30585
30602
30609
30611
30625
30796
30920
30960
30988
31044
31064
31100
31110
31123
31146
31147
31189
31274
31556
31565
31722
31779
31811
32070
32108
32127
32180
32223
32491
32631
32722
32804
32831
32957
33227
33434
33437
33552
33653
33655
33740
33811
33851
34261
34464
34535
34611
34657
34877
34906
34940
34951
35040
35126
35153
35264
35440
35525
35544
35580
35630
35763
35936
36021
36039
36222
36235
36435
36441
36464
36586
36598
36646
36764
36876
36910
36957
36990
37062
37142
37184
37226
37251
37275
37405
37459
37474
37612
37727
37828
37835
37878
38099
38387
38387
38463
38478
38489
38539
38887
39000
39036
39290
39430
39609
39684
39948
39982
40094
40218
40271
40341
40402
40437
40651
40700
40712
40944
40947
40964
40981
41009
41012
41086
41125
41340
41419
41429
41437
41559
41686
41698
41737
41788
41800
41932
41947
42151
42255
42276
42344
42373
42454
42814
43335
43336
43470
43486
43530
43594
43860
43892
43902
43926
43985
44123
44157
44326
44384
44470
44513
44552
44563
44653
44814
44875
44962
45051
45064
45166
45245
45424
45443
45637
45640
45902
46010
46234
46364
46392
46407
46468
46481
46931
47032
47175
47245
47377
47392
47526
47623
47725
47779
47799
47897
48104
48518
48633
48678
48794
48804
48836
48870
48900
48907
48968
48969
49042
49080
49179
49223
49273
49347
49359
49370
49442
49506
49526
49542
49580
49655
49797
49817
49974
49985
50049
50106
50322
50425
50629
50832
50974
51029
51031
51198
51316
51339
51367
51690
51948
52012
52082
52134
52340
52413
52466
52478
52674
52721
52744
52744
52807
52831
52922
52961
53312
53350
53379
53451
53529
53618
53651
53748
53810
53911
54059
54078
54144
54356
54404
54600
54750
54752
54843
54906
54913
55040
55134
55159
55298
55485
55544
55642
55814
56253
56260
56322
56381
56548
56602
56669
56801
56807
56901
56913
56944
56995
57077
57116
57225
57296
57324
57405
57545
57561
57575
57640
57837
57860
58082
58092
58300
58337
58516
58632
58636
58651
59021
59173
59443
59537
59561
59720
59789
59815
59872
59935
59955
59987
60010
60108
60315
60332
60436
60438
60519
60520
60758
61012
61050
61056
61114
61145
61260
61424
61521
61600
61831
62152
62233
62288
62294
62301
62324
62374
62444
62503
62510
62611
62648
62725
62730
62746
62821
62971
63282
63286
63297
63477
63544
63731
63754
63823
63867
63883
63914
63938
64005
64034
64040
64158
64252
64261
64290
64323
64339
64495
64515
64573
65011
65025
65110
65617
65645
65712
65729
65774
65834
65888
65911
65954
65989
66281
66399
66464
66629
66637
66657
66710
66742
66761
66855
66993
66994
66996
67210
67338
67533
67823
68044
68088
68184
68202
68242
68260
68318
68382
68411
68494
68620
68895
68905
68934
68957
69208
69602
69735
69829
69901
70098
70184
70191
70226
70295
70321
70427
70566
70751
70812
70868
70924
71084
71160
71322
71346
71619
71677
71762
71913
71937
72196
72205
72302
72384
72439
72536
72934
72987
73078
73191
73308
73362
73750
73794
73936
74027
74061
74156
74205
74218
74222
74443
74455
74491
74513
74572
74612
74791
74916
74980
75012
75013
75145
75179
75245
75407
75552
75578
75616
75686
75829
75876
76013
76242
76319
76420
76425
76450
76588
76705
76734
76780
76780
76813
76894
77007
77231
77359
77634
77718
77798
77843
77851
77938
78038
78040
78102
78442
78951
78979
79174
79210
79279
79340
79433
79610
79614
79682
79793
79946
79976
80090
80149
80175
80176
80225
80406
80506
80595
80727
80756
80803
80847
81060
81132
81197
81643
81674
81764
81790
81983
82155
82184
82206
82319
82376
82385
82402
82575
82696
82705
82754
82884
82905
82906
82973
83114
83178
83336
83481
83486
83675
83778
83881
84140
84191
84305
84354
84394
84626
84670
84771
84940
85345
85350
85457
85537
85543
85753
85754
85947
86295
86470
86479
86743
86758
86795
86813
87045
87116
87287
87297
87403
87442
87464
87596
87678
88004
88161
88480
88606
88798
89008
89318
89371
89441
89566
89625
89683
90052
90183
90335
90343
90662
90974
91034
91046
91248
91312
91401
91417
91486
91580
91755
91961
92028
92089
92099
92143
92277
92319
92333
92597
92743
92887
93051
93255
93336
93504
93537
93607
93642
93832
94101
94166
94214
94352
94447
94463
94663
94708
94785
94807
95135
95601
95873
95939
96021
96169
96226
96338
96555
96694
96848
96858
97066
97126
97128
97151
97547
97607
97921
97931
98088
98129
98237
98437
98458
98594
98647
98651
98786
98856
98995
99085
99158
99431
99795
99882
99913
99927
99952
99957
100013
100014
100262
100271
100290
100309
100353
100356
100377
100604
100688
100822
100852
100904
101003
101172
101467
101515
101678
101888
101890
101978
102143
102152
102178
102203
102282
102294
102307
102513
102515
102630
102862
102872
102997
103275
103296
103460
103602
103725
103898
103902
104013
104024
104078
104116
104175
104191
104224
104239
104261
104269
104465
104514
104555
104586
104755
104915
104958
105171
105554
105597
105671
105725
105803
105869
106060
106187
106351
106516
106645
106732
106874
106986
107085
107180
107258
107297
107299
107511
107744
107855
107906
107930
108079
108224
108251
108260
108372
108390
108557
108916
109003
109148
109158
109294
109325
109538
109769
109915
109964
110234
110319
110322
110393
110429
110790
110862
110924
110953
110982
111007
111030
111069
111310
111313
111318
111390
111443
111600
111662
111725
111752
111999
112115
112164
112203
112227
112229
112297
112351
112439
112665
112756
112766
112793
112869
112915
112921
113254
113355
113371
113430
113466
113542
113825
113827
113923
114005
114010
114198
114328
114400
114445
114467
114577
114643
114703
114736
114782
114825
114840
114852
115160
115384
115426
115633
115732
115754
115791
115915
115956
116233
116244
116295
116303
116342
116577
116627
116633
116774
116788
116942
116950
116997
117123
117210
117226
117656
117761
117765
117767
117768
117868
118159
118185
118239
118630
118695
118717
118799
118837
118907
118995
119166
119183
119192
119196
119217
119217
119238
119290
119320
119373
119383
119519
119581
119634
119716
119814
119815
119832
120054
120090
120143
120732
120843
120896
121012
121059
121070
121224
121272
121308
121333
121615
121625
121703
121778
122004
122101
122151
122264
122288
122294
122478
122528
122556
122679
122969
123219
123230
123235
123592
123679
123799
123850
123941
123999
124020
124022
124023
124024
124039
124116
124303
124344
124355
124463
124515
124538
124657
124726
124898
125184
125185
125194
125538
125561
125642
125683
125719
125744
125785
125846
125867
125899
125909
125948
126027
126027
126180
126248
126294
126389
126453
126475
126550
126570
126678
126703
126878
126903
126904
126957
127035
127111
127436
127592
127757
127877
128126
128180
128251
128254
128276
128287
128327
128367
128449
128475
128489
128539
128773
128775
128778
128958
128973
129104
129762
129826
129849
129934
130059
130298
130500
130886
130961
131327
131410
131588
131752
131938
132108
132113
132136
132252
132475
132597
132642
132698
132968
133320
133454
133757
133791
133791
133877
133986
134008
134054
134557
134592
134661
134682
134909
134917
134917
134946
135132
135235
135385
135685
135742
135860
135945
136043
136062
136177
136196
136306
136347
136348
136478
136513
136697
136864
136917
137144
137411
137448
137468
137828
137885
138070
138151
138605
138700
138812
138812
138867
138886
138963
139147
139248
139378
139386
139522
139538
139638
139727
139750
139753
140002
140143
140203
140325
140395
140397
140685
141053
141131
141346
141455
141520
141564
141630
141647
141983
142072
142116
142117
142421
142519
142602
142655
142760
142823
142853
142978
143333
143429
143503
143519
143536
143571
143638
143638
143896
143929
144130
144695
144738
144743
144764
144838
144911
145300
145342
145365
145386
145445
145506
145606
145636
145700
145829
145918
146042
146092
146151
146248
146662
146782
146919
147002
147196
147264
147378
147438
147601
147783
148025
148136
148240
148427
148491
148528
148680
148743
148871
148895
149043
149082
149180
149360
149434
149493
149767
149837
149849
149963
149991
150129
150228
150260
150272
150376
150393
150472
150653
150706
150765
150855
150879
151203
151382
151547
151704
151901
151919
152065
152072
152081
152145
152290
152302
152523
152546
153043
153224
153351
153441
153597
153809
153863
153876
153933
154169
154209
154427
154456
154504
154514
154910
154938
155128
155198
155276
155359
155393
155495
155505
155510
155628
155796
155867
155895
156224
156421
156487
156679
156752
156782
156784
156932
157029
157041
157118
157166
157265
157302
157597
157624
157858
158274
158312
158421
158510
158535
158723
158810
158868
158926
159298
159310
159483
159577
159579
159717
159821
159932
159938
159975
160380
160391
160421
160569
160615
160678
160868
160870
160905
160971
161031
161063
161156
161453
161463
161509
161614
161859
161895
161940
161960
161967
162167
162172
162250
162371
162459
162483
162512
162533
162560
162584
162602
162677
162898
162938
163026
163120
163222
163545
163694
164060
164060
164074
164126
164198
164307
164336
164615
164671
164678
164701
164720
164810
164835
164838
164851
164973
164973
165052
165065
165172
165280
165412
165443
165494
165684
165713
165734
165785
165951
165958
166144
166225
166539
166546
166585
166709
166754
166876
166962
167268
167557
167820
167874
167921
167949
168039
168313
168325
168401
168442
168446
168473
168676
168791
168916
168964
169143
169174
169413
169482
169621
169673
169770
169849
170054
170065
170170
170199
170284
170597
170643
170738
170767
170983
171034
171089
171104
171373
171518
171585
171602
171618
171652
171699
171839
171916
171923
172085
172138
172151
172196
172327
172378
172559
172681
172832
172893
173081
173159
173216
173924
173976
174048
174136
174212
174232
174240
174378
174589
174620
174695
174740
174800
174929
175057
175062
175070
175094
175206
175215
175303
175762
175874
176088
176314
176388
176433
176504
176573
176573
176599
176612
176901
176992
177052
177154
177184
177327
177503
177527
177898
177991
178016
178028
178103
178206
178274
178620
178733
178972
179015
179021
179231
179292
179595
179621
179813
179820
179827
179993
180027
180102
180109
180114
180166
180184
180256
180382
180389
180450
180496
180578
180668
180855
180982
181131
181253
181370
181372
181591
181657
181701
181775
181908
182051
182186
182248
182280
182420
182479
182488
182531
182656
182841
182847
182887
183039
183074
183269
183530
183708
183761
183909
183949
184010
184188
184306
184381
184607
184894
184915
184924
184958
184991
185135
185162
185292
185428
185487
185628
185665
185786
185791
186081
186156
186253
186254
186558
186583
186621
186670
186728
186807
186887
186955
186994
187020
187070
187104
187133
187152
187205
187464
187673
187816
187923
187948
187990
188023
188099
188116
188179
188209
188286
188418
188536
188623
189092
189116
189116
189266
189283
189325
189420
189543
189803
189867
189869
189973
190102
190126
190206
190430
190443
190471
190508
190563
190686
190818
190842
190914
191134
191230
191267
191275
191289
191290
191335
191341
191412
191488
191533
191772
191834
191968
192088
192125
192131
192210
192352
192392
192469
192512
192521
192526
192613
192636
192844
192858
192956
193136
193253
193280
193373
193419
193490
193548
193599
193616
193657
193702
193814
193836
193862
193876
193899
193940
193984
194279
194314
194393
194585
194674
194682
194816
194826
194977
195016
195141
195322
195327
195360
195414
195421
195538
195563
195593
195718
195773
195871
195922
195941
195991
196308
196341
196361
196386
196554
196602
196673
196945
197002
197130
197197
197224
197276
197287
197316
197388
197406
197475
197520
197637
197730
197750
197794
197804
197857
197965
198049
198053
198084
198144
198210
198316
198344
198422
198522
198916
198939
199166
199256
199550
199584
199619
199847
199862
199874
200035
200068
200107
200242
200528
200684
200741
200778
200867
200940
200995
201415
201487
201762
201838
201963
202119
202311
202312
202354
202410
202427
202435
202565
202803
202856
202944
203124
203139
203183
203322
203405
203446
203498
203506
203760
203816
203873
203910
203989
204191
204284
204496
204505
204556
204629
204660
204683
204795
204824
205062
205073
205093
205140
205475
205843
205846
205920
206086
206091
206206
206386
206481
206659
207154
207197
207334
207376
207597
207649
208016
208187
208229
208280
208372
208539
208572
208640
208655
208667
208689
208892
208955
209106
209129
209129
209242
209260
209755
209820
209983
210118
210308
210568
210636
210636
210734
210832
210849
210998
211054
211105
211197
211202
211365
211389
211677
211773
211818
211861
212294
212438
212447
212465
212558
212560
212954
213156
213319
213330
213400
213584
213598
213600
213704
213845
213941
213995
214002
214317
214328
214487
214647
215068
215183
215392
215400
215457
215579
215599
215630
215657
215692
215940
216124
216164
216282
216307
216664
216767
216782
216814
216862
216978
216979
217224
217294
217609
217685
217797
218034
218131
218150
218160
218442
218490
218542
218692
218847
218994
219174
219234
219314
219508
219578
219691
219853
220087
220216
220253
220318
220413
220516
220905
220907
220983
221038
221061
221201
221448
221452
221506
221511
221570
221633
221681
221932
222016
222059
222101
222180
222221
222455
222627
222870
223064
223331
223373
223451
223484
223606
223769
223816
223937
223988
224033
224048
224152
224256
224371
224457
224588
224614
224670
224728
224744
224766
224773
224792
224798
225047
225137
225317
225399
225603
225680
225914
226037
226263
226274
226306
226400
226443
226513
226635
226789
226835
227067
227108
227250
227262
227321
227380
227453
227487
227890
227981
228066
228084
228198
228229
228410
228490
228605
228667
228824
228967
228995
229201
229201
229218
229258
229371
229380
229616
229771
229783
229891
229910
229934
229986
230054
230340
230681
230719
230732
230780
231229
231279
231349
231610
231630
231728
231830
231907
231926
232001
232044
232091
232106
232319
232346
232379
232464
232808
232913
233026
233169
233304
233367
233725
233829
233832
233959
233962
234044
234071
234243
234252
234258
234471
234485
234516
234586
234627
234805
234806
234871
234956
235017
235046
235102
235190
235228
235430
235478
235630
235631
235663
235740
235897
236020
236093
236399
236511
236747
236763
236776
236804
236949
237107
237121
237250
237269
237300
237549
237619
237631
238013
238133
238167
238301
238344
238349
238375
238398
238581
238582
238672
238764
238851
239107
239175
239324
239358
239466
239606
239647
239685
239693
239729
239754
239809
239963
240006
240022
240707
240894
240996
241158
241207
241207
241208
241208
241220
241233
241321
241462
241624
241651
241684
241721
241823
241905
242002
242214
242271
242283
242508
242529
242566
242645
242711
242950
243096
243193
244057
244244
244273
244394
244597
244627
244682
244970
245178
245360
245429
245727
245904
246022
246174
246364
246436
246660
246690
246786
246893
246896
246905
246977
247013
247124
247371
247418
247664
247670
247719
247741
247788
247801
247877
248030
248087
248100
248148
248364
248413
248423
248505
248547
248554
248618
248654
248755
248913
249015
249152
249356
249407
249409
249433
249559
249696
249922
249994
250088
250099
250161
250443
250560
250593
250754
250918
250943
250953
251128
251151
251218
251265
251396
251537
251669
251884
251968
252332
252381
252486
252536
252565
252566
252606
252626
252731
252828
252835
253040
253057
253082
253164
253164
253289
253301
253378
253609
254141
254148
254202
254239
254352
254382
254450
254647
254704
254733
254804
254916
255055
255210
255216
255235
255391
255392
255605
255650
255650
255654
255950
256045
256143
256258
256332
256355
256520
256799
257063
257066
257335
257340
257356
257608
257675
257728
257769
257802
257841
257944
258003
258026
258066
258216
258229
258324
258331
258367
258504
258598
258659
258921
258969
258982
259325
259393
259538
259672
259873
259910
259931
260020
260184
260201
260235
260339
260397
260417
260440
260643
260647
260736
260839
260916
261018
261051
261196
261355
261402
261438
261461
261465
261599
261617
261841
261882
261904
261928
262001
262116
262234
262435
262445
262462
262514
262518
262711
262853
262998
263036
263690
263749
263879
263897
263982
264066
264113
264215
264307
264318
264487
264621
264627
264872
264872
264964
265037
265275
265418
265459
265479
265487
265497
265602
265648
265780
266095
266147
266230
266467
266558
266669
266689
266698
266745
267041
267054
267092
267096
267121
267220
267252
267318
267445
267570
267648
267687
268095
268168
268457
268488
268623
268704
268911
268954
269037
269231
269260
269548
269752
269791
269817
270102
270153
270240
270245
270456
270543
270578
270784
270813
270827
270829
270883
270922
270934
270977
271006
271054
271085
271471
271489
271625
271646
271710
271737
271765
271781
271841
272045
272162
272427
272534
272595
272957
272997
273012
273043
273100
273145
273252
273300
273349
273382
273492
273521
273527
273538
273667
273747
274256
274501
274719
274823
274873
274929
275091
275091
275149
275154
275270
275327
275365
275366
275366
275422
275433
275675
275804
275808
276097
276146
276149
276206
276288
276410
276477
276495
276575
276741
276802
276857
277057
277082
277204
277304
277414
277521
277536
277562
277628
277694
277744
277756
277844
277989
278003
278127
278131
278281
278516
278526
278549
278636
278656
278795
278989
279041
279290
279622
279808
279991
280059
280093
280118
280162
280183
280315
280336
280431
280567
280664
280706
280718
280851
280907
281011
281032
281038
281073
281153
281178
281241
281270
281334
281354
281359
281716
281953
281988
282155
282201
282585
282721
282843
282871
282973
283003
283105
283140
283143
283219
283271
283340
283380
283455
283511
283536
283624
283640
283708
283756
284017
284155
284449
284554
284700
285099
285314
285363
285417
285420
285437
285502
285573
285628
285658
285892
285911
286184
286194
286351
286421
286488
286510
286523
286527
286603
286869
286911
287025
287137
287219
287409
287414
287645
287814
288055
288193
288245
288313
288366
288392
288608
288610
288774
288871
288960
289080
289097
289100
289132
289161
289248
289416
289530
289595
289637
289639
289671
289681
289855
289959
290296
290327
290416
290419
290420
290431
290451
290564
290704
290866
290971
291212
291227
291278
291377
291519
291688
291713
291826
291840
291918
291926
291972
292033
292053
292075
292693
292709
292768
292828
292849
292955
292968
293016
293300
293347
293446
293508
293539
293687
293724
294026
294038
294264
294331
294369
294582
294787
294894
295059
295153
295209
295242
295432
295516
295651
295687
295696
295701
295742
295865
295999
296004
296151
296154
296159
296162
296201
296340
296477
296483
296516
296645
296784
296797
296803
296836
297214
297287
297295
297412
297416
297490
297496
297620
297655
297695
297892
298053
298072
298232
298533
298566
298711
298824
298835
298903
298962
298968
299011
299085
299113
299289
299663
299669
299686
300155
300468
300489
300542
300585
300603
300644
300677
300868
300972
301115
301146
301311
301469
301540
301557
301572
301709
301773
302216
302246
302276
302279
302570
302668
302708
302709
302779
302853
302853
302868
302868
302925
303136
303280
303346
303369
303454
303632
303753
303888
304050
304338
304346
304429
304513
304559
304600
304681
304718
304900
305105
305118
305122
305182
305350
305415
305468
305571
305572
305573
305892
305946
306033
306045
306111
306213
306366
306457
306519
306802
306809
306816
307126
307146
307309
307321
307363
307434
307590
307817
307919
307926
307927
307949
307979
308113
308118
308346
308401
308486
308790
308797
308812
308859
308968
309326
309473
309677
309711
309731
309760
309822
309990
310075
310085
310300
310570
310689
310986
311068
311351
311407
311570
311589
311692
311757
311808
311876
311979
311984
312199
312210
312258
312336
312382
312396
312591
312605
312672
312752
312984
313002
313199
313212
313348
313369
313394
313455
313484
313497
313505
313631
313659
313690
313732
313815
313831
313959
314241
314259
314313
314589
314638
314785
315040
315151
315210
315224
315237
315249
315339
315398
315521
315524
315564
315673
315685
315807
315854
315906
315939
315993
316134
316204
316207
316296
316346
316353
316539
316540
316673
316695
316996
316997
317007
317241
317358
317396
317511
317601
317836
317989
318039
318157
318301
318453
318500
318554
318665
319031
319083
319141
319786
319912
319941
320075
320135
320175
320230
320247
320414
320421
320608
320696
320832
320915
320989
321163
321244
321398
321442
321447
321501
321618
321650
321866
321911
321948
321968
322002
322004
322070
322073
322112
322306
322372
322436
322490
322564
322578
322655
322670
322679
322748
322773
322906
322932
322968
323324
323325
323337
323345
323420
323431
323602
323689
323719
323769
324049
324256
324342
324459
324498
324575
324578
324642
324791
325016
325016
325088
325275
325319
325400
325460
325604
325623
325634
325686
325695
325733
325961
326082
326170
326229
326230
326457
326614
326633
326661
326721
326904
326966
327097
327328
327580
327623
327636
327967
327980
328006
328079
328156
328269
328859
328886
328958
329070
329073
329093
329371
329409
329621
329629
330154
330216
330474
330511
330678
330693
330761
331030
331034
331401
331466
331619
331844
331911
332001
332189
332212
332215
332358
332462
333072
333075
333203
333241
333260
333344
333376
333442
333711
333752
333774
334059
334216
334329
334356
334400
334624
334687
334721
334809
334832
334855
334906
334918
334959
335208
335232
335472
335673
335756
335983
335992
336076
336107
336551
336627
336659
336719
336903
337079
337105
337117
337337
337338
337457
337465
337624
337745
337774
337855
338038
338277
338361
338455
338541
338578
338667
338696
338720
338786
338849
338982
339357
339458
339479
339746
339983
340082
340159
340235
340237
340253
340356
340365
340464
340514
340559
340614
340733
340989
341023
341239
341303
341355
341473
341531
341564
341628
341753
342081
342224
342225
342339
342554
342945
342989
343133
343140
343220
343232
343370
343665
343699
343763
343856
343904
344045
344188
344299
344413
344600
345068
345186
345219
345237
345363
345629
345663
345663
345720
345729
345820
345910
345931
346084
346228
346256
346356
346591
346822
346876
347221
347254
347414
347467
347738
347794
347831
348027
348081
348153
348429
348472
348496
348655
348684
348780
348802
348872
348934
349055
349204
349268
349365
349670
349702
349738
349754
349787
349825
349966
350003
350133
350186
350353
350491
350505
350573
350636
350750
351163
351218
351344
351572
351596
351717
351768
351910
351910
351945
351974
351989
352102
352320
352357
352411
352460
352496
352549
352635
352679
352748
352982
353036
353075
353091
353110
353130
353142
353280
353590
353690
353853
353882
353949
354001
354211
354399
354470
354489
354665
354706
354800
354919
355021
355155
355235
355254
355436
355655
355856
356064
356068
356092
356170
356189
356392
356433
356455
356508
356511
356581
356628
356831
356858
357342
357375
357529
357553
357558
357616
357798
357920
358013
358078
358256
358360
358374
358428
358523
358538
358548
358617
358744
358803
359084
359101
359157
359167
359206
359223
359382
359487
359562
359585
359845
359892
359938
359946
360117
360328
360348
360414
360443
360764
361201
361234
361378
361494
361588
361594
361608
361700
361704
361748
361757
361760
361836
362020
362141
362471
362713
362742
362805
363017
363084
363211
363301
363408
363515
363548
363707
363749
363863
363947
363961
364070
364294
364348
364496
364506
364578
364815
364915
365056
365125
365240
365349
365373
365394
365433
365706
365737
365963
366056
366085
366162
366242
366531
366575
366814
366873
366982
367069
367138
367181
367276
367319
367328
367345
367734
367774
367782
367828
367828
367957
368005
368041
368155
368156
368162
368203
368385
368411
368432
368499
368529
368589
368623
368728
368820
368853
368877
368950
369065
369158
369202
369251
369259
369266
369455
369728
369802
369842
370063
370447
370490
370494
370703
371072
371074
371116
371177
371662
371751
371918
372059
372148
372156
372254
372376
372499
372728
372736
372786
372940
373019
373185
373209
373256
373273
373470
373479
373503
373651
373744
373810
373828
373909
374167
374199
374209
374639
374668
374993
375059
375208
375209
375296
375329
375465
375475
376040
376199
376240
376295
376513
376598
376599
376623
376652
376689
376717
377008
377008
377077
377084
377133
377185
377329
377502
377535
377568
377642
377832
377864
377923
378073
378288
378454
378576
378606
378685
378732
379113
379259
379296
379413
379541
379545
379576
379719
379748
379914
380019
380087
380450
380609
380706
380749
380947
381059
381074
381104
381152
381224
381274
381320
381335
381540
381569
381638
381857
381963
381984
382068
382079
382102
382111
382222
382357
382402
382521
382734
382806
382926
382984
383097
383127
383149
383186
383680
383746
383790
383844
383928
384054
384265
384412
384598
384710
384734
384853
384978
384979
385038
385141
385161
385194
385329
385444
385446
385471
385481
385498
385779
385817
385923
386166
386470
386609
386661
386698
386789
386797
386814
386851
386994
387014
387026
387056
387092
387168
387251
387267
387316
387350
387387
387428
387612
387625
387805
387897
387902
388265
388305
388425
388427
388528
388632
388645
388875
388924
388999
389069
389079
389118
389252
389308
389405
389411
389672
389722
389985
390044
390128
390160
390243
390637
390688
390717
390759
391297
391359
391456
391673
391676
392067
392147
392320
392432
392455
392507
392522
392572
392620
392736
392940
393167
393333
393461
393521
393572
393575
393602
393602
393874
393951
394043
394065
394095
394269
394480
394538
394540
394773
394891
394893
394935
394950
394991
395088
395146
395198
395370
395390
395601
395689
395943
396288
396327
396443
396610
396739
396974
397031
397034
397194
397556
397577
397675
397843
397868
397872
397899
398017
398023
398147
398527
398865
398902
398926
399369
399629
399647
399683
399836
400004
400049
400093
400454
400561
400765
400833
400834
400895
400923
401057
401284
401326
401353
401407
401478
401556
401644
401651
401651
401845
401953
402158
402544
402669
402701
402719
402820
402866
402925
403035
403039
403062
403137
403235
403492
403673
403774
403916
404129
404142
404159
404272
404273
404381
404468
404655
404673
404777
404798
404832
404846
405011
405531
405541
405638
405639
405654
405737
405755
405807
406682
407120
407309
407388
407598
408018
408077
408199
408516
408800
408816
408901
409029
409125
409265
409327
409537
409687
409746
409928
410407
410677
410774
410880
410994
411096
411262
411284
411357
411414
411501
411504
411578
411578
411628
411683
411914
411983
411992
412164
412195
412436
412630
412654
412682
412831
413217
413229
413251
413252
413320
413685
413847
413946
414112
414216
414240
414345
414584
414617
414659
414671
414680
414753
414774
414848
414972
415069
415216
415233
415407
415418
415468
415670
415764
415908
416030
416110
416139
416204
416218
416414
416704
417073
417123
417212
417254
417352
417354
417450
417485
417629
417662
417695
417755
417803
417929
418235
418434
418438
418447
418539
418553
418558
418680
418694
418736
418915
418944
419258
419261
419394
419497
419667
419746
419807
419886
419896
420080
420109
420817
420832
420834
420886
420976
421197
421252
421277
421386
421484
421515
421595
421763
421801
421912
421923
421976
422056
422271
422426
422449
422667
422709
422747
422935
423025
423139
423220
423254
423589
423667
423898
423958
424285
424379
424410
424444
424481
424871
424921
424969
425204
425259
425306
425409
425439
425610
425782
425817
425820
425961
425991
426112
426165
426170
426187
426347
426413
426666
426693
426891
426938
426996
427036
427093
427209
427548
427643
427651
427657
427773
427794
427796
427844
427858
427886
427984
428136
428462
428557
428581
428696
428891
429026
429045
429073
429178
429327
429443
429509
429606
429704
429857
429904
430123
430138
430151
430284
430293
430433
430434
430560
430626
430661
430791
430828
431000
431029
431077
431433
431445
431576
432150
432314
432464
432583
432670
432733
432979
433005
433218
433274
433305
433431
433451
433536
433665
433676
433683
433774
433900
433917
433948
434114
434219
434276
434342
434421
434598
434656
434692
434770
434791
434800
434803
434888
435155
435192
435363
435614
435642
435685
435685
435960
436264
436442
436666
436741
437041
437057
437096
437189
437222
437281
437408
437556
437615
437692
437823
437942
437952
438148
438284
438477
438509
438599
438626
438718
438774
438947
438949
439178
439410
439423
439608
439609
439611
439642
439658
439696
439768
439769
439813
439949
440154
440183
440227
440261
440318
440342
440565
440704
440946
440950
440977
441048
441083
441165
441241
441309
441441
441448
441518
441528
441676
441679
441906
441908
441962
442007
442078
442133
442143
442219
442255
442262
442265
442512
442667
442722
442918
442949
443060
443107
443649
443739
443820
443841
443961
444022
444168
444232
444437
444629
444663
444752
444816
445070
445520
445594
445995
446087
446091
446136
446179
446181
446420
446518
446553
446646
446654
446962
447068
447070
447078
447158
447205
447315
447368
447529
447532
447768
447850
447880
447891
448188
448256
448295
448354
448381
448599
449086
449318
449477
449630
449911
449955
450055
450200
450282
450292
450333
450424
450486
450498
450812
450823
450832
451092
451130
451172
451182
451765
451813
451860
452417
452889
452949
453056
453067
453170
453238
453285
453557
453577
453903
454004
454025
454063
454256
454452
454458
454616
454625
454909
454910
454919
454992
455040
455224
455250
455269
455442
455496
455698
455753
455898
455939
455949
455985
456000
456052
456063
456091
456123
456248
456364
456583
456668
456679
456931
456934
457010
457159
457195
457336
457393
457557
457660
457674
457829
457966
457982
458015
458045
458109
458178
458308
458429
458640
459028
459264
459325
459385
459463
459518
459555
459633
459690
459716
459982
460160
460321
460347
460408
460522
460531
460545
460760
460827
460844
461033
461066
461066
461079
461110
461380
461454
461475
461493
461666
461687
461863
461870
461892
461968
461998
462075
462112
462154
462246
462250
462339
462396
462459
462563
462565
462824
462834
462902
462982
463017
463082
463219
463517
463996
464004
464082
464256
464374
464767
464811
464880
465063
465202
465203
465702
465726
465742
465745
465787
465846
465906
465909
465956
466201
466330
466540
466569
466584
466777
466835
466849
466867
466987
466991
466992
467027
467177
467296
467435
467513
467553
467571
467773
467812
467888
467974
467981
468069
468183
468238
468253
468266
468327
468374
468399
468541
468602
468652
468775
468790
468806
469039
469234
469376
469532
469534
469649
469934
470066
470160
470825
470933
470985
471034
471087
471142
471165
471174
471215
471402
471427
471491
471566
471609
471714
471868
471893
471959
471985
472025
472041
472043
472169
472285
472356
473076
473105
473181
473183
473190
473275
473353
473391
473440
473679
473807
473848
473947
474004
474264
474266
474389
474405
474465
474486
474632
474703
474803
474887
474926
474942
475014
475207
475220
475261
475352
475515
475704
475877
476550
476564
476643
476669
476754
477030
477034
477052
477257
477264
477329
477384
477574
477798
477799
477886
477968
478036
478055
478170
478488
478554
478644
478659
479010
479098
479106
479149
479200
479338
479444
479589
479695
480225
480231
480420
480454
480545
480607
480895
481132
481161
481396
481424
481447
481545
481953
481953
482037
482090
482591
482592
482724
483098
483181
483280
483306
483362
483443
483448
483469
483512
483529
483774
484113
484164
484355
484371
484375
484473
484529
484580
484597
484674
484826
484939
485233
485342
485474
485524
485613
485645
485683
485772
486008
486093
486097
486181
486224
486240
486326
486655
486836
486849
486902
486954
486955
487016
487053
487127
487150
487199
487222
487434
487484
487487
487528
487834
487837
487874
487903
487905
488230
488355
488372
488417
488534
488634
488737
488786
488841
488945
488972
489029
489075
489191
489271
489312
489367
489461
489515
489574
489719
489880
489899
490086
490108
490111
490114
490230
490239
490380
490400
490513
490532
490534
490566
490603
490830
491062
491330
491488
491747
491749
491841
491881
491970
492007
492068
492100
492173
492243
492358
492389
492466
492496
492516
492584
492598
492782
492851
493143
493359
493376
493408
493556
493616
493916
494052
494108
494119
494132
494449
494490
494662
494663
494736
494756
494877
494918
494966
495002
495008
495072
495282
495366
495391
495395
495612
495640
495643
495832
495852
495886
495952
496098
496134
496171
496230
496240
496334
496374
496398
496662
496775
496795
497148
497399
497766
497772
497912
497929
497934
498078
498107
498209
498349
498357
498447
498599
498940
499040
499084
499091
499128
499152
499235
499581
499817
499881
500201
500264
500311
500372
500381
500436
500811
501030
501102
501122
501261
501290
501551
501582
501585
501611
501752
501869
502004
502197
502576
502654
502896
502923
503085
503177
503198
503231
503316
503956
504055
504138
504171
504452
504499
504523
504639
504664
504860
504918
505088
505115
505123
505341
505471
505567
505595
505657
505702
505784
505966
505978
506083
506239
506349
506503
506643
506658
506668
506749
506778
506841
506904
507050
507169
507215
507257
507274
507294
507324
507438
507548
507738
508013
508063
508099
508170
508214
508336
508385
508523
508796
508838
508983
509071
509143
509177
509196
509455
509682
509762
510165
510170
510195
510287
510454
510592
510790
510836
511002
511048
511088
511497
511554
511555
511573
511830
511968
511981
512003
512322
512410
512429
512467
512478
512574
512632
512815
512877
512935
512995
513280
513283
513401
513425
513563
513969
513996
514012
514115
514140
514216
514348
514445
514477
514589
514592
514631
514632
514716
514907
515185
515396
515425
515436
515499
515763
515774
515880
515993
516138
516203
516238
516243
516325
516421
516638
516822
516823
516837
516863
516919
517053
517093
517099
517185
517288
517330
517524
517578
517651
517696
517748
518046
518152
518468
518498
518550
518793
518914
518938
519143
519527
519621
519695
520002
520048
520152
520177
520442
520477
520490
520505
520598
520788
520804
520920
521149
521177
521204
521240
521427
521539
521549
521588
521659
521751
521833
521851
521858
521875
522115
522268
522435
522461
522727
522891
523008
523051
523253
523269
523290
523471
523472
523498
523679
523733
523760
523888
523906
523990
524091
524111
524139
524229
524359
524371
524411
524433
524504
524543
524559
524781
524849
524871
524935
524946
525024
525097
525115
525157
525245
525330
525695
525728
525908
525974
526098
526133
526618
526678
526691
526740
526743
526874
526905
526912
527074
527180
527182
527448
527469
527509
527612
527721
527806
527833
527867
527910
527969
528086
528221
528325
528861
528975
529017
529126
529221
529505
529573
529606
529840
529868
530030
530053
530192
530207
530261
530638
530774
530876
530938
530940
530963
531114
531138
531164
531244
531437
531480
531485
531553
531587
531733
531771
532028
532033
532257
532260
532290
532293
532336
532361
532542
532612
532636
532651
532669
532710
532765
532855
533031
533181
533202
533209
533265
533342
533439
533547
533667
533775
533980
533992
534140
534142
534452
534513
534887
534936
535027
535280
535304
535364
535475
535475
535719
535838
535883
535975
536054
536080
536141
536222
536312
536458
536466
536471
536498
536502
536657
536769
536902
537130
537481
537559
538077
538154
538178
538304
538439
538507
538682
538732
538903
539049
539200
539266
539608
539629
539668
539703
539717
540056
540062
540162
540186
540237
540260
540421
540508
540614
540883
540895
541117
541278
541323
541369
541398
541490
541570
541639
541731
542143
542227
542430
542747
542760
542911
543120
543316
543378
543406
543693
543949
544095
544130
544229
544403
544411
544553
544664
544681
544685
544784
544973
544996
545013
545029
545177
545346
545408
545647
545683
545693
545736
545753
545871
546097
546098
546369
546446
546468
546603
546766
546875
546878
546908
547027
547048
547072
547332
547355
547421
547475
547476
547621
547736
547992
548055
548126
548156
548331
548417
548538
548627
548629
548700
548803
548891
549004
549038
549070
549077
549254
549380
549466
549523
549632
549779
549878
549902
549959
549993
550031
550084
550129
550133
550265
550361
550438
550585
551081
551206
551354
551434
551461
551627
551670
551690
551691
551806
551899
552090
552139
552415
552453
552562
552805
552832
552932
553031
553126
553152
553213
553287
553340
553358
553370
553389
553442
553470
553560
553828
553899
554082
554453
554527
554574
554616
554626
554668
554868
554931
554938
554987
555139
555357
555376
555526
555805
555855
556095
556255
556291
556525
556674
556685
556820
556825
556920
556937
557331
557470
557815
557988
558182
558353
558359
558370
558475
558663
558846
558883
558967
559113
559209
559321
559515
559627
559763
559767
559919
559995
560107
560213
560276
560333
560453
560625
560689
560765
560780
560798
560811
560871
560916
561025
561032
561051
561116
561181
561453
561467
561533
561626
561712
561723
562033
562188
562238
562283
562635
562658
562694
562811
563012
563109
563121
563232
563263
563344
563704
563707
563775
563798
563846
564011
564038
564111
564231
564323
564583
564769
564781
564788
564914
564955
564990
565092
565282
565374
565434
565453
565516
565778
565882
565972
566005
566115
566252
566271
566408
566636
566655
566687
566707
566729
566769
566771
566781
566790
566823
566921
567128
567170
567280
567554
567571
567639
567711
567958
568031
568088
568133
568246
568326
568365
568395
568434
568539
568807
568854
568884
568885
569300
569310
569373
569406
569443
569469
569669
569706
569803
569803
569851
569892
569939
569969
570147
570202
570226
570335
570568
570643
570659
570675
570704
570711
570713
570837
570861
571066
571343
571621
571633
571662
571861
571916
572008
572034
572083
572124
572196
572556
572649
572673
572789
572857
572928
573010
573015
573111
573166
573197
573200
573372
573427
573498
573554
573559
573608
573726
573912
574035
574133
574153
574330
574433
574519
574526
574569
574736
574869
574882
575037
575047
575188
575403
575591
575803
575844
575919
575937
576106
576289
576294
576386
576411
576425
576460
576687
576695
577144
577153
577165
577172
577521
577602
577653
577735
578316
578332
578349
578418
578448
578515
578670
578692
578927
579009
579113
579172
579175
579177
579330
579343
579353
579354
579378
579440
579636
579722
579943
579977
580195
580463
580476
580585
580608
580746
580793
580853
580907
580908
580910
581044
581052
581160
581196
581288
581462
581515
581585
581655
581664
581713
581716
581724
581726
581913
581935
581990
582302
582373
582484
582501
582667
582795
582882
582942
583046
583169
583311
583328
583349
583372
583485
583752
583786
583789
583834
583868
583897
583965
584153
584194
584261
584483
584597
584789
584828
584852
584927
585008
585140
585332
585368
585411
585593
585693
586172
586243
586305
586508
586508
586593
586642
586874
587316
587358
587489
587570
587626
587655
587861
588018
588120
588122
588480
588524
588746
588865
588892
589255
589266
589293
589310
589634
589895
589962
590000
590023
590263
590279
590415
590479
590495
590554
590591
590918
590988
590991
591014
591115
591131
591188
591214
591311
591602
591707
591736
591949
591997
592071
592074
592223
592346
592347
592400
592419
592480
592556
592642
592721
592803
592928
593286
593375
593546
593603
593626
593627
593657
593741
593899
593940
593944
594076
594187
594440
594637
594724
594738
594806
594893
595089
595102
595118
595143
595326
595480
595555
595678
595680
595697
595714
595836
595936
595975
596008
596232
596249
596386
596460
596963
597100
597125
597255
597424
597530
597570
597636
597880
597880
598028
598176
598177
598188
598324
598326
598366
598436
598438
598482
598814
598833
598939
598990
599217
599392
599497
599557
599565
599730
599872
599897
600062
600218
600262
600388
600615
600644
600858
600865
600896
600943
601068
601307
601312
601398
601529
601914
601928
601944
601981
602163
602222
602319
602439
602503
602822
603188
603290
603353
603368
603399
603885
603976
604041
604109
604167
604199
604236
604384
604392
604401
604442
604471
604502
604534
604541
604554
604686
604743
604843
604853
605288
605309
605331
605334
605513
605595
605692
605796
605957
605974
606027
606120
606122
606193
606846
607016
607017
607092
607121
607232
607307
607310
607365
607383
607559
607647
607967
608271
608448
608846
608853
609073
609345
609643
609670
609712
609778
609951
609969
610324
610661
610751
610803
610872
610925
611074
611311
611624
611736
611820
611839
611868
611878
611880
612003
612108
612117
612197
612286
612445
612509
612527
612537
612640
612722
612747
612816
612924
612941
613029
613277
613344
613564
613641
613720
613834
613978
614029
614055
614133
614356
614441
614477
614736
614835
614921
614969
614994
615011
615034
615130
615131
615326
615503
615591
615709
615853
615873
615957
616102
616122
616240
616387
616439
616469
616544
616924
616934
617020
617151
617241
617255
617411
617417
617431
617549
617627
617653
617672
618036
618140
618312
618385
618516
618549
618597
618624
618719
618754
618927
619023
619035
619209
619372
619459
619483
619578
619616
619673
619726
619730
619758
619868
619980
620241
620253
620266
620375
620427
620597
620630
620809
621042
621067
621122
621123
621697
621875
621970
622014
622043
622083
622084
622147
622313
622529
622534
622647
622709
622742
622814
623062
623188
623369
623530
623640
623650
623740
623833
624023
624245
624277
624288
624325
624347
624529
624571
624624
624627
624642
624671
624742
624794
625089
625115
625286
625315
625398
625405
625448
625504
625712
625772
625846
625962
626020
626172
626249
626291
626341
626430
626436
626480
626522
626530
626567
626637
626647
626740
626764
627083
627098
627112
627136
627188
627309
627414
627420
627525
627550
628311
628441
628813
628864
628935
629056
629117
629156
629171
629505
629583
629613
629636
629792
629802
629873
630376
630435
630766
630830
630895
630910
630979
631192
631239
631323
631497
631548
631634
631725
631847
632004
632165
632213
632303
632304
632644
632781
632844
632877
632999
633008
633036
633056
633087
633119
633241
633321
633345
633429
633601
633603
633614
633956
634216
634294
634412
634430
634494
634535
634591
634667
634739
634808
635483
635878
636022
636030
636038
636090
636102
636227
636494
636518
636526
636529
636601
636647
636703
636752
636763
636851
636882
636998
637061
637064
637087
637144
637169
637180
637196
637223
637230
637399
637550
637571
637603
637680
637793
638015
638039
638061
638151
638165
638248
638257
638369
638374
638398
638421
638631
638706
638789
638845
638858
638870
639074
639084
639142
639265
639293
639298
639311
639602
639625
639666
639727
639759
639810
639817
639844
639856
639900
640031
640153
640349
640445
640497
640499
640539
640594
640752
640806
640953
641113
641145
641230
641325
641592
641823
641896
641986
641987
642259
642497
642718
643140
643167
643181
643194
643240
643345
643376
643389
643397
643498
643587
643592
643619
643657
643753
643883
643959
644054
644140
644343
644348
644613
644826
644891
644967
645037
645068
645078
645156
645217
645262
645315
645334
645341
645342
645356
645621
645674
645681
645809
645853
645854
645988
645990
646235
646304
646346
646462
646793
647076
647094
647303
647558
647605
647650
647708
647782
647826
647869
647921
648050
648251
648318
648419
648420
648474
648548
648552
648745
648932
648974
649123
649242
649436
649589
649635
649664
649711
649810
650474
650564
650797
650813
650860
650871
650961
650971
651123
651171
651184
651245
651255
651312
651370
651511
651621
651631
651660
651689
651945
651964
652190
652649
652792
652808
652827
652857
652940
653066
653090
653144
653180
653222
653224
653407
653407
653451
653497
653560
654088
654139
654179
654239
654244
654279
654366
654380
654423
654631
654849
654856
654911
654980
654983
655023
655049
655198
655402
655439
655586
655613
655633
655635
655693
655735
655866
655958
655971
655985
656036
656256
656387
656439
656502
656538
656709
656751
656915
656917
657001
657019
657057
657084
657114
657132
657132
657157
657195
657223
657249
657309
657456
657466
657537
657596
657609
657653
657708
658006
658150
658220
658504
658571
658676
658951
659132
659141
659175
659243
659325
659394
659485
659631
659775
659838
659907
659917
659947
660000
660305
660524
660635
660712
660736
660803
661036
661111
661129
661211
661255
661570
661770
661791
661801
661948
662022
662036
662204
662279
662557
662594
662660
662671
662844
662987
663156
663176
663360
663478
663496
663593
663712
663722
663901
664008
664127
664295
664372
664499
664595
664722
664774
665005
665132
665146
665153
665187
665279
665486
665602
665749
665796
666008
666088
666281
666302
666418
666457
666500
666515
666610
666610
666614
666673
666814
666965
667256
667284
667360
667523
667574
667607
667622
667643
667739
667789
667971
668021
668113
668252
668488
668687
669246
669247
669369
669480
669653
669908
669982
669990
670034
670098
670255
670397
670454
670501
670620
670914
670938
670942
670964
671227
671314
671319
671393
671543
671783
671882
672048
672314
672317
672411
672436
672509
672565
672605
672613
672634
672899
673036
673089
673126
673175
673355
673587
673872
673916
673937
673977
674105
674117
674124
674345
674501
674633
674782
674827
674935
675217
675364
675685
675743
675893
675897
675907
675921
675945
676109
676148
676195
676272
676278
676308
676862
676912
677129
677161
677361
677410
677608
677679
677761
678013
678193
678212
678302
678307
678612
678728
678812
678884
678913
678955
679006
679079
679142
679147
679456
679510
679514
679527
679560
679859
679863
679903
679963
680209
680331
680342
680684
680725
680762
680805
680848
681005
681064
681242
681566
681638
681687
681689
681980
682045
682066
682067
682379
682485
682687
683213
683251
683416
683432
683560
683567
683721
683724
684030
684167
684195
684261
684330
684412
684570
684597
684717
684957
684977
685004
685073
685411
685464
685607
685703
685891
685911
685957
685984
686032
686044
686130
686233
686263
686348
686460
686527
686559
686636
686752
686826
687065
687096
687129
687484
687517
687551
687643
687674
687793
687825
687941
687953
687971
687983
688020
688118
688158
688333
688338
688416
688460
688528
688757
688793
688962
688992
688992
689009
689155
689207
689221
689283
689313
689325
689333
689528
690029
690112
690148
690228
690282
690285
690345
690358
690429
690451
690589
690735
690813
690816
691131
691330
691346
691739
691844
691884
692308
692349
692407
692440
692602
692671
692706
692757
692969
693001
693172
693174
693316
693419
693518
693550
693666
693672
693758
693867
693952
694082
694103
694447
694753
694808
694815
695144
695230
695242
695242
695419
695530
695714
695997
696361
696387
696447
696458
696494
696531
696595
696842
696854
696909
696981
697134
697224
697279
697298
697313
697368
697375
697422
697453
697834
697929
698017
698116
698216
698266
698427
698473
698648
698726
698782
698870
698920
698988
699003
699006
699098
699167
699431
699454
699629
699819
699831
699977
699998
700053
700056
700085
700092
700141
700314
700442
700455
700552
700612
700633
700644
700707
700729
700803
701035
701159
701544
701596
701720
701809
701846
702037
702109
702135
702162
702175
702354
702595
702619
702664
702715
702923
703052
703117
703371
703412
703431
703689
703727
703743
703811
703928
703954
704192
704332
704377
704407
704552
704640
704720
704942
704943
705037
705251
705488
705568
705606
705686
705705
705737
706144
706265
706269
706273
706288
706424
706431
706485
706844
706891
707206
707280
707388
707450
707526
707589
707623
707630
707703
707729
707952
708036
708149
708404
708680
708692
708868
708911
708962
709119
709302
709463
709467
709636
710171
710206
710228
710311
710372
710533
710615
710622
710716
710763
710934
711020
711028
711104
711174
711684
711696
711853
711894
711988
712070
712183
712232
712444
712590
712664
712887
713002
713027
713085
713098
713248
713324
713586
713675
713678
713733
713808
713999
714019
714053
714083
714102
714231
714247
714342
714594
714602
714746
714917
715018
715046
715156
715260
715577
715773
715799
715843
715906
715934
715992
716041
716224
716287
716360
716364
716540
716963
717007
717154
717165
717300
717326
717326
717467
717833
717887
718042
718304
718450
718510
718536
718832
718948
719030
719112
719385
719406
719419
719618
719632
719775
719783
719953
719965
720008
720059
720125
720155
720165
720205
720425
720654
720756
720772
720824
720869
720896
720948
721033
721048
721050
721091
721232
721380
721396
721695
721867
721966
722098
722103
722115
722310
722377
722542
722648
722655
722686
722856
722983
723131
723199
723252
723265
723306
723332
723530
723641
723646
723685
723802
723971
724178
724186
724324
724343
724632
724773
724845
724876
725293
725476
725754
725927
725928
725949
726003
726008
726306
726606
726622
726896
726993
727078
727091
727095
727284
727393
727493
727523
727653
727658
727715
727735
727798
727839
727951
728084
728249
728689
728929
729006
729405
729406
729733
729754
729990
730011
730061
730183
730202
730221
730301
730384
730457
730807
730914
731042
731121
731359
731547
731857
731916
732364
732513
732681
732746
732891
732993
733320
733336
733671
733720
733991
734226
734229
734708
734800
734853
734890
734933
734966
735180
735182
735194
735298
735359
735566
735861
736082
736318
736330
736359
736373
736459
736477
736577
736594
736594
736765
736902
737059
737131
737181
737198
737258
737342
737355
737380
737505
737654
737746
738028
738101
738107
738294
738418
738492
738493
738521
738823
738939
738983
739208
739274
739336
739351
739561
739585
739719
739725
740345
740467
740579
740602
740882
741016
741381
741441
741637
741670
741702
741818
742089
742114
742162
742277
742329
742329
742342
742629
742687
742747
742819
743020
743275
743304
743470
743549
743579
743611
743666
743693
743726
743833
743880
743941
744058
744071
744182
744529
744617
744788
745121
745135
745148
745238
745264
745274
745300
745332
745344
745352
745361
745372
745378
745399
745701
745758
745837
746052
746097
746110
746352
746436
746555
746565
746592
746749
746763
747218
747356
747369
747732
747829
747858
747878
747890
747904
747995
748059
748213
748283
748299
748442
748452
748463
748727
748903
748977
749085
749169
749218
749389
749398
749501
749528
749542
749574
749949
750188
750245
750303
750395
750624
750813
750998
751119
751301
751361
751538
751610
751715
751755
751985
752115
752196
752314
752501
752696
752857
753046
753103
753363
753378
753394
753439
753528
753625
754008
754064
754064
754158
754405
754471
754779
754806
754810
754827
754935
754995
755063
755146
755249
755314
755346
755428
755428
755475
755511
755528
755709
755736
755861
756282
756370
756435
756614
756837
756937
757062
757083
757100
757208
757243
757320
757451
757486
757526
757571
757641
757689
757727
757728
757916
758052
758089
758090
758195
758197
758199
758225
758329
758354
758592
758666
758696
758844
758946
758960
759022
759191
759316
759343
759409
759495
759513
759979
760165
760256
760440
760698
760702
760834
760933
761166
761191
761452
761469
761490
761874
761996
762071
762092
762176
762284
762424
762443
762573
762688
762722
762855
762868
762933
763090
763206
763244
763259
763481
763630
763676
763700
763727
763842
763911
763969
764070
764168
764245
764693
764801
764863
764904
764933
764976
765005
765149
765345
765351
765594
765783
765847
765874
765952
766115
766127
766144
766159
766204
766319
766634
766721
766900
766914
766955
766991
767337
767354
767570
767625
767645
767748
767790
767824
767938
768078
768090
768161
768373
769032
769280
769293
769301
769358
769393
769408
769513
769519
769534
769603
769682
769690
769716
769767
769773
769826
770050
770106
770138
770215
770232
770236
770326
770473
770521
770618
770740
770764
770887
770892
770942
771030
771147
771173
771185
771375
771748
771821
771862
772041
772123
772158
772610
772734
772784
772920
772933
773234
773291
773335
773383
773416
773568
773697
773754
773970
773987
774231
774299
774419
774473
774576
774781
774852
774953
775144
775208
775218
775253
775416
775524
775530
775691
776007
776184
776209
776271
776305
776351
776538
776551
776672
776846
776891
776973
777047
777150
777162
777166
777309
777310
777489
777503
777503
777587
777587
777898
777906
777938
777990
778156
778168
778379
778404
778647
778656
778854
778860
778864
778944
779024
779042
779050
779141
779152
779435
779727
779772
779857
779933
780011
780072
780200
780216
780396
780403
780492
780551
780632
780741
780751
780859
780992
781009
781194
781289
781542
781650
781716
781923
782076
782084
782101
782229
782258
782265
782377
782404
782461
782531
782546
782860
782960
783252
783319
783453
783477
783994
784009
784182
784217
784282
784392
784464
784926
785140
785161
785194
785340
785438
785486
785559
785611
785743
785847
785965
786079
786157
786299
786430
786437
786565
786648
786975
787024
787150
787462
787653
787712
788128
788211
788227
788244
788346
788350
788544
788596
788620
788652
788686
788697
788772
789134
789162
789199
789329
789331
789462
789522
789526
789529
789565
789567
789646
789666
789848
789877
789913
789952
790064
790119
790362
790393
790453
790454
790531
790628
790628
790631
790939
790949
791075
791296
791375
791424
791699
791845
791849
791933
792058
792149
792152
792188
792190
792342
792404
792465
792545
792600
792699
792714
793081
793266
793379
793473
793626
793753
793964
794272
794392
794421
794494
794566
794567
794580
794623
794894
795021
795234
795362
795452
795493
795512
795525
795539
795543
795669
795744
795920
795949
796096
796100
796105
796109
796185
796222
796415
796476
796504
796516
796573
796836
796882
796887
796891
797048
797157
797227
797359
797415
797417
797452
797557
797667
797818
797996
798030
798209
798403
798415
798485
798632
798713
798725
799007
799079
799112
799178
799248
799528
799574
799713
799715
799773
799895
799954
800022
800053
800293
800300
800442
800523
800778
800936
800949
800970
800988
801070
801162
801307
801375
801423
801577
801609
801719
801933
801963
802045
802380
802395
802511
802558
802627
802858
802934
803004
803017
803137
803142
803156
803214
803288
803304
803348
803377
803495
803654
803813
803909
804140
804170
804202
804233
804587
804885
804949
804950
805072
805145
805154
805184
805235
805338
805439
805464
805511
805575
805654
805693
805822
805940
806028
806051
806091
806233
806244
806357
806516
806531
806649
806666
806668
806753
806846
807080
807176
807193
807265
807367
807373
807431
807461
807516
807790
807952
808052
808088
808145
808332
808357
808491
808697
808753
808790
808814
808955
809229
809303
809339
809535
809841
809986
810321
810324
810365
810416
810624
810638
810652
810750
810816
810852
811139
811201
811297
811331
811343
811398
811456
811471
811556
811706
811717
811883
811886
811960
812029
812256
812275
812293
812376
812614
812624
812754
812958
812963
812985
813018
813149
813223
813262
813481
813507
813644
813769
813889
813894
813908
814152
814191
814204
814300
814346
814422
814659
814874
814937
814962
814983
814983
815143
815241
815258
815373
815439
815441
815609
815934
815944
816256
816329
816351
816583
816606
816702
816846
816987
817027
817029
817217
817519
817664
818044
818075
818267
818307
818330
818469
818634
818656
818728
818798
818970
819027
819132
819163
819232
819280
819310
819532
819648
819689
819878
819959
820236
820273
820330
820386
820479
820497
820561
820608
820740
820896
820973
821062
821245
821310
821564
821567
821578
821636
821688
821725
821848
821920
821975
822052
822159
822293
822321
822416
822464
822887
823230
823283
823346
823564
823805
823947
824233
824322
824352
824508
824735
825102
825116
825251
825261
825514
825545
825573
825692
825784
826067
826099
826201
826219
826249
826330
826370
826545
827000
827129
827176
827209
827414
827446
827455
827461
827521
827626
827866
828047
828089
828497
828509
828522
828765
828911
829002
829023
829292
829467
829679
829687
829812
829868
829952
829975
829993
830037
830051
830064
830399
830407
830451
830579
830648
830734
830782
830923
831120
831140
831173
831258
831301
831307
831311
831466
831482
831571
831767
831842
832030
832210
832211
832477
832591
832597
832680
832725
832959
833130
833515
833561
833661
833781
833996
834003
834114
834532
834693
834884
834896
834902
835043
835120
835132
835309
835366
835403
835494
835665
835686
835694
835703
835731
835835
835870
836072
836111
836231
836335
836448
836477
836668
836719
836829
836890
837069
837191
837346
837567
837692
837771
837904
837931
838051
838166
838303
838454
838653
838750
838759
838772
839219
839265
839378
839414
839640
839732
839746
839757
839788
839827
839833
839879
839908
840071
840095
840185
840215
840323
840409
840467
840514
840647
840718
840828
840853
840887
840985
841007
841543
841569
841639
841768
841897
841932
841994
842004
842020
842025
842026
842293
842504
842518
842592
842680
842737
842890
842927
843051
843056
843142
843235
843254
843453
843744
843936
844008
844332
844438
845000
845042
845078
845136
845143
845162
845205
845249
845278
845283
845471
845544
845547
845634
845653
845729
845795
845816
845828
845852
845969
846071
846274
846322
846324
846353
846366
846512
846597
846616
846620
846685
846697
846824
846836
847039
847040
847048
847379
847495
847620
847645
847711
847975
848148
848230
848439
848458
848954
849009
849046
849171
849209
849662
849748
849822
849832
849833
849984
850106
850112
850236
850494
850892
850907
850959
851050
851079
851089
851366
851400
851432
851451
851692
851697
851773
851897
851899
851981
852024
852129
852246
852260
852379
852570
852602
852631
852693
852906
852975
852981
852994
853049
853065
853127
853561
853641
853659
853751
853964
853979
854009
854039
854079
854113
854159
854173
854265
854278
854444
854528
854814
854956
855044
855055
855219
855245
855459
855671
855755
855946
855971
855981
856162
856262
856270
856321
856416
856620
856690
856785
856794
856824
856954
857035
857238
857313
857393
857398
857404
857529
857610
857630
857716
857722
857986
857998
858137
858316
858319
858341
858426
858485
858543
858556
858652
858760
858818
858855
859348
859368
859440
859523
859558
859587
859745
859756
859781
859814
859837
859885
859981
860127
860130
860227
860429
860594
860784
860821
860829
860949
860991
861376
861537
861619
861784
862002
862017
862036
862200
862211
862266
862431
862456
862505
862618
862628
862661
862713
862779
862843
862872
863007
863078
863133
863254
863360
863496
863529
863584
863719
864013
864032
864394
864434
864701
864912
864940
864985
865172
865331
865341
865379
865401
865536
865540
865752
865797
865898
866205
866206
866258
866371
866423
866536
866544
866726
866749
866766
866788
866821
866824
866977
867184
867241
867563
867622
867716
867733
867736
867874
867982
868288
868460
868554
868581
868687
868921
868938
868941
868959
868981
869012
869048
869057
869064
869355
869392
869562
869746
869886
869931
869958
869979
870126
870126
870169
870295
870324
870336
870472
870501
870605
870672
870878
871017
871098
871179
871196
871313
871373
871399
871472
871604
872082
872203
872327
872462
872523
872699
872841
873010
873078
873175
873268
873835
873916
874318
874358
874627
874629
874739
874925
874960
875041
875233
875289
875306
875365
875434
875567
875614
875624
875716
875729
875900
876003
876111
876171
876291
876433
876457
876472
876525
876530
876742
876832
876839
876860
876893
877096
877182
877276
877399
877442
877487
877860
877928
878022
878141
878234
878314
878598
878659
878757
878792
878875
879522
879534
879810
879879
879894
879965
879970
879983
880033
880097
880123
880181
880256
880466
880509
880519
880519
880690
880864
881049
881058
881073
881187
881269
881379
881442
881457
881585
881603
881663
881742
882029
882073
882158
882161
882182
882456
882482
882546
882662
882836
882938
883113
883139
883238
883376
883384
883423
883528
883729
883741
883767
883772
884067
884141
884178
884213
884486
884497
884563
884876
884948
885070
885412
885421
885673
885763
885803
885919
885947
886081
886310
886316
886348
886353
886365
886568
886854
886934
886950
887048
887103
887189
887334
887570
887586
887661
887783
887807
887872
887919
887939
887957
888318
888450
888592
888744
888917
888920
888924
888995
889217
889401
889589
889746
889829
889843
889887
890064
890237
890282
890287
890326
890355
890367
890396
890469
890538
890549
890626
890627
890734
890920
890938
890958
891245
891733
891738
891812
891825
892246
892278
892387
892563
892605
892733
892808
892832
892851
892909
893082
893090
893202
893260
893334
893371
893425
893463
893518
893526
893691
893716
893718
893752
893759
893950
894022
894434
894437
894486
894487
894591
894597
894600
894767
894823
894965
895113
895180
895333
895432
895826
896025
896101
896117
896375
896593
896624
896783
896799
896856
896940
897055
897236
897333
897353
897495
898745
899054
899100
899141
899224
899285
899468
899543
899657
899660
899707
899840
900009
900029
900092
900153
900240
900366
900452
900488
900569
900700
900705
900783
900900
901017
901039
901160
901199
901240
901333
901424
901516
901553
901575
901677
901755
901756
901774
901793
901885
901939
902133
902175
902505
902598
902603
902754
902796
902938
903069
903250
903369
903474
903748
903961
903997
904207
904223
904244
904428
904480
904557
904884
905123
905234
905280
905361
905501
905668
905674
905756
905770
905918
906229
906256
906327
906430
906748
907136
907217
907298
907339
907540
907553
907612
907812
907814
907817
907839
907909
908066
908101
908169
908169
908256
908345
908390
908465
908622
908653
908705
908757
908996
909184
909251
909377
909439
909442
909462
909485
909666
910014
910059
910069
910116
910135
910422
910488
910614
910736
910794
910829
910882
911081
911099
911159
911343
911553
911683
911792
911902
912361
912402
912548
912562
912616
912712
912753
912830
912913
912934
912948
913319
913378
913446
913470
913477
913561
913629
913639
913966
914518
914627
914775
914782
914809
914829
914866
914883
914968
915084
915380
915393
915436
915449
915501
915509
915855
915857
916004
916061
916129
916148
916223
916228
916519
916775
916785
916792
916810
916811
917000
917221
917666
917774
917852
918167
918224
918225
918367
918388
918466
918568
918624
918764
918873
918881
918929
919351
919539
919617
919841
919909
920017
920024
920056
920078
920145
920205
920470
920550
920693
921014
921023
921290
921452
921465
921566
921620
921877
921935
922182
922224
922243
922444
922477
922843
922912
923245
923246
923248
923372
923434
923611
923807
923880
923903
923909
924030
924315
924365
924368
924374
924376
924553
924612
924660
924668
924815
924913
924967
925267
925317
925389
925411
925614
925728
925739
925885
925935
925977
926214
926546
927338
927890
927911
927989
928010
928098
928099
928104
928126
928172
928193
928238
928267
928273
928276
928300
928398
928442
928466
928611
928761
928913
928980
929016
929103
929104
929131
929136
929209
929298
929400
929409
929512
929530
929642
929852
929891
929974
929991
930179
930211
930270
930356
930391
930435
930455
930484
930622
930698
930778
930799
930918
931299
931330
931391
931473
931845
931852
931920
932062
932169
932177
932229
932506
932559
932619
932622
932752
932855
932983
933125
933169
933238
933253
933370
933654
933777
933804
933916
933945
934024
934135
934155
934166
934219
934375
934407
934417
934473
934502
934532
934658
934668
934833
934992
935049
935120
935132
935372
935492
935654
935711
935791
935907
936408
936411
936417
936633
936708
936868
936882
937260
937367
937421
937529
937535
937634
937647
937658
937706
937718
937750
937877
938052
938118
938121
938174
938176
938252
938289
938326
938639
938708
938819
939048
939142
939152
939239
939367
939384
939434
939620
939658
939667
939695
939832
939864
939868
940069
940279
940508
940814
940925
940942
941033
941074
941173
941349
941504
941533
941623
941723
941818
941846
941994
942718
942823
942827
942868
943060
943151
943153
943183
943222
943363
943398
943652
943667
943820
943859
943871
943907
944265
944298
944305
944315
944342
944441
944548
944663
944715
944827
944935
944983
945423
945449
945598
945707
945890
945918
945953
946047
946060
946254
946309
946333
946345
946530
946655
946694
946712
946768
946778
946826
946890
946928
946958
947097
947103
947209
947224
947314
947489
947519
947591
947874
947958
948080
948252
948344
948515
948736
948825
948862
949003
949122
949133
949152
949215
949235
949361
949430
949502
949646
949657
949813
950043
950405
950478
950549
950601
950677
950688
950778
950950
950978
951063
951065
951105
951283
951367
951370
951430
951572
951589
952008
952261
952328
952409
952409
952923
953086
953098
953133
953208
953321
953489
953525
953540
953614
953693
953705
953829
953881
953967
954059
954108
954338
954343
954491
954549
954586
954650
954742
954878
954923
954944
955061
955124
955214
955323
955340
955369
955508
955515
955566
955853
955863
955927
955982
956027
956073
956088
956111
956286
956367
956449
956478
956540
956613
956634
956641
956781
956873
957053
957269
957286
957359
957520
957688
957706
957877
957964
958097
958145
958235
958248
958358
958540
958674
958816
958837
958885
958931
959094
959202
959278
959391
959460
959572
959735
959851
960004
960325
960326
960328
960380
960447
960532
960999
961092
961141
961165
961263
961308
961412
961450
961645
961671
961744
961869
962433
962452
962582
962594
962607
962870
962985
963044
963054
963218
963320
963452
963562
963686
963764
963796
963956
964516
964640
964811
964829
964833
964899
965054
965184
965254
965258
965619
965627
965635
965649
965823
965836
966193
966232
966324
966349
966593
966647
966744
966774
967190
967312
967466
967476
967654
967656
967667
967704
967707
967907
967944
968007
968075
968161
968169
968171
968191
968376
968406
968519
968560
968561
968587
968589
968631
968779
968864
968924
968972
969053
969291
969294
969337
969580
969737
969773
969819
969850
969869
970220
970263
970334
970476
970742
970754
970782
970882
970887
971015
971045
971100
971265
971347
971556
971581
971710
971866
971872
971883
971894
971969
972150
972260
972330
972440
972525
972538
972626
972629
972676
972724
972817
972984
972990
973416
973460
973461
973651
973675
973863
973932
973939
973992
974224
974391
974481
974566
974693
974703
975030
975176
975379
975480
975524
975615
975772
975895
975974
976052
976123
976563
976858
976896
976941
976967
976977
977017
977077
977091
977133
977239
977433
977734
977780
978077
978226
978314
978354
978461
978591
978749
978910
979016
979022
979124
979142
979229
979334
979370
979487
979495
979643
979644
979699
979806
980179
980676
980898
980912
980918
980919
980959
981143
981163
981189
981248
981381
981402
981537
981551
981665
981753
981833
981879
982019
982171
982301
982347
982393
982530
982618
982665
982824
982875
983375
983501
983555
983562
983637
983669
983826
983873
983918
984288
984317
984592
984636
984775
984828
984867
984879
984940
985015
985107
985124
985205
985235
985239
985401
985494
985584
985613
985754
986089
986107
986205
986311
986598
986605
986676
986686
986735
986960
987272
987292
987539
987654
987839
987951
988101
988144
988196
988235
988385
988492
988501
988572
988674
988936
989057
989369
989543
989600
989708
989915
989984
990040
990149
990220
990267
990294
990453
990602
990633
990677
990710
990725
990735
990789
990919
990937
990984
991015
991068
991158
991195
991224
991460
991785
991870
991982
991989
992037
992048
992126
992173
992349
992529
992677
992793
992948
993001
993239
993317
993395
993401
993421
993466
993575
993600
993706
993765
993892
994416
994483
994519
994656
994720
994734
994795
994903
995405
995415
995503
995531
995710
995782
995810
995976
995998
996201
996282
996286
996327
996505
996561
996759
997008
997130
997169
997280
997349
997406
997695
997711
997803
997939
998179
998217
998301
998355
998445
998498
998542
999154
999161
999233
999331
999384
999403
999660
999823
999841
