262144
452199
608934
704231
155777
522818
682503
876315
975664
879504
447563
298874
282334
607212
164615
890135
85969
438805
272253
298601
511221
989769
845817
533386
378556
334658
563190
922611
25130
214941
491031
837979
820850
968376
512919
902562
101043
549127
487663
84526
187802
407020
685956
40170
937459
171042
844398
814125
789824
959022
388419
932081
641887
151098
303765
572247
388887
823026
527104
806394
611433
956408
30037
431147
409164
511866
390787
127094
637914
468989
190517
189767
975300
770237
96086
865862
73853
536972
760894
33862
144456
2436
406051
115105
306809
892101
54363
354139
937481
805657
251707
21740
606895
861523
799351
366490
420114
64702
565099
858152
135975
677872
72160
155914
136847
205519
966968
414953
536884
348833
28530
774549
658106
627900
442993
799530
57200
985908
172062
64239
865660
41693
389614
155077
604419
211763
847643
945376
871667
416313
313767
776700
478070
766578
754462
16285
143535
519875
30434
594353
779148
716000
535899
441197
489788
572159
417733
16770
658416
726806
922506
269929
51359
364715
661335
686242
632461
721082
479516
528636
338270
311743
448333
780969
170077
845739
741730
648577
653409
287031
755231
119919
631382
101365
406361
58591
953097
775028
715569
474508
428246
162934
298334
57055
308444
818279
549762
172105
966956
894591
22747
400355
651941
478783
693029
288247
532709
811717
575641
397453
420557
47419
66898
467663
780392
275712
696927
683920
39559
33469
905561
688561
907225
520389
418254
263847
930569
45349
670436
90346
900263
703630
83808
854335
872872
34006
364612
321823
475351
53907
103463
44790
98734
12057
993432
735109
454026
838500
835421
292063
461506
284589
8262
149902
360988
318731
289407
312491
379560
431637
317603
843398
967155
77261
791676
3204
29576
767711
852993
883088
351922
103452
359556
627577
439504
770349
736723
912808
813169
805050
295930
633527
714489
17530
814225
26842
614651
677901
433005
138357
618333
502851
686044
422534
127826
710152
529914
810185
128561
807770
402633
108792
398773
723358
560151
603476
384931
501783
669781
66007
550774
760142
12525
565045
659212
314271
753302
902361
719220
316541
873252
716889
588337
75847
268686
232121
407938
686882
657041
843523
933534
162386
694729
713457
254615
940022
711417
864034
554785
191537
759740
926478
197921
78016
31273
352832
123005
19340
814717
46603
950039
741725
989553
688142
331538
663691
930002
574022
495702
422641
715183
253564
14137
641751
730182
216947
62480
516164
330800
95555
628291
349995
916641
394504
636914
708779
900525
448489
20828
538426
17919
724523
637261
130086
731990
578987
256926
634625
155182
292159
795980
420342
626998
472495
564217
658618
513339
457196
653708
365158
781651
987624
120401
736161
768001
451016
321396
31217
299488
237571
495803
765897
934223
38687
328358
400366
700098
122960
51556
624938
975094
77233
441426
344140
380890
136735
489625
407770
36521
888084
313973
406782
721134
789293
52606
584991
359160
979887
703511
272018
405075
260813
579278
641235
759224
807240
782654
977353
584902
177775
736122
705746
67020
931594
760655
909349
704502
731986
265543
924403
65337
162482
631330
364363
161408
712920
18266
838618
279410
392
368086
991397
497037
408000
870423
834360
435999
977015
297898
747240
474253
740492
365062
803673
531177
294276
703450
88779
226486
460943
63350
521411
224766
500444
926306
3338
644103
685660
142490
881497
713907
809807
373850
135127
301383
584510
735361
59876
329089
71809
868859
704383
521433
560341
871187
875449
843019
326181
722985
135466
626565
833649
647012
105582
886035
342555
764012
311209
28067
948623
436526
279441
921358
536183
301680
152981
572067
350498
525819
520215
949258
175813
677962
789463
477051
849198
554856
336401
481316
855422
615097
921816
273860
480521
539005
872690
354270
788442
48289
118918
390396
3677
46700
22579
637502
601259
509884
683573
410972
32748
317326
977686
229037
952194
417948
419064
584207
589726
717667
242858
732020
482825
814578
95154
853517
688022
955776
881509
856927
320438
197887
663620
540748
407912
897878
772209
904354
593547
96507
305613
826166
809171
666928
955439
849050
196840
946567
206642
336954
941164
940686
728465
167912
347581
648502
549674
481597
156991
12721
6716
833011
312397
904675
592859
648940
915766
231458
611561
825250
51558
68677
855561
28439
265968
890442
567323
115117
427254
773303
374916
602027
242777
507212
194393
304022
53058
46581
714807
808262
483632
698711
770715
23068
823674
973880
910163
485819
468794
537896
800466
745658
657200
218978
811694
966126
927448
359240
476663
886146
6611
878132
359658
603861
114958
470064
753465
928840
252775
208558
159981
609233
863160
120137
554356
859967
178254
746360
362033
777418
533107
383765
33933
359775
339316
208851
244574
598208
258491
316563
483932
52794
302969
362307
104885
272888
157993
863401
428184
611308
396516
728621
15798
365535
516097
514490
686570
660457
829043
602906
766341
172399
284457
633343
704630
242912
787393
359034
833923
405695
639688
713369
243337
66921
383630
431179
549464
457114
748476
559086
602666
883581
136620
676862
711609
331518
337229
533473
912901
117507
7311
50578
782141
322768
140985
564729
669270
309650
875417
647028
451910
641292
815115
563706
608309
21823
744669
209045
805124
496981
433383
267557
228484
599586
894413
137752
529508
591162
267224
295646
742951
593426
657293
891068
620875
577874
143622
380499
18910
697779
495889
411593
812834
817340
312779
319624
105895
783238
575609
886028
525866
663507
421800
183257
284413
969351
86801
705660
474714
602667
886892
708597
176727
713767
155947
971097
198998
791694
684145
612881
353146
578030
303995
264280
689223
932049
337717
765614
40065
671143
59258
696992
968790
959705
674312
774570
990086
769117
513020
437398
962376
731315
734116
560649
309899
762013
317867
14845
231998
743396
80893
923476
58221
389569
871937
707992
194335
934001
637741
932579
723916
192327
206700
232486
246318
785294
90044
218307
273549
227237
401544
761793
820773
270623
843433
882097
317960
375038
185351
38410
769828
671178
502138
797495
89042
1289
753411
962573
631062
924942
841857
531334
340790
323749
727441
581716
269830
964673
291357
978715
992735
85848
617142
846301
110929
451771
8270
75974
319291
39354
103629
846296
673743
419398
737110
632541
755095
298875
958253
497435
407249
600851
771325
405643
934292
846672
434718
807552
884706
638196
506208
31015
410827
338331
528099
920640
262625
941314
265836
318352
617141
888143
581243
109936
534545
698979
314681
721912
10270
697649
337229
771209
517409
431292
223381
504780
27217
231583
685953
253568
696769
516716
48156
229478
425544
142546
33591
57465
26826
327172
104677
728170
820500
299060
435589
528246
532231
961098
469701
632437
746597
81205
376993
678435
90852
77050
727617
875628
369387
573892
358372
183105
90141
999411
894032
320026
52321
409858
251214
910066
744508
92908
894878
806599
343891
792826
723605
570211
737050
384150
457000
476854
591878
665813
905191
203275
506218
546042
775015
174306
314386
80411
859781
250379
936499
654898
859261
97369
661404
569931
364668
907102
431896
580279
40929
645932
786058
732601
957629
299493
351962
474007
713032
580700
711238
290615
205729
780263
572412
587512
19638
197325
325207
606621
674487
303602
495746
565619
870842
206671
468845
11315
131608
404366
182101
440075
357239
408009
687570
324132
106404
781086
396513
777541
365188
43751
112570
633598
44195
862086
275955
824510
952975
932280
108807
744710
944393
20155
8073
35518
837987
89746
781404
697807
551635
293577
383176
71233
166315
572172
167322
416691
881236
569990
332102
209440
588757
695982
955892
853344
103431
194392
594729
124650
550947
628070
879561
962398
585232
873773
477446
160991
620407
575790
495363
460598
194455
568210
252562
548240
619594
452752
937949
604788
807322
781920
128667
492304
311551
948059
366615
156570
329272
297633
878139
709148
393564
384649
251628
292548
437968
933774
146486
765121
594266
616637
349238
466197
688192
346351
187953
536810
740927
486087
200140
130669
580220
246050
272772
210018
766176
36370
252706
791441
686436
655940
293672
500145
757242
762313
260222
73544
955349
996316
162757
195197
315785
666553
430406
360140
867853
850589
434564
697846
692724
787069
915866
87591
207482
239780
217097
974408
389967
162577
625766
966673
824564
113026
839874
206303
179774
910510
11792
240467
923616
547680
936470
483505
782500
206557
435627
586475
83956
844932
568800
79682
764757
475230
960509
423882
435444
305540
771341
205181
572578
27708
926015
196406
154430
975120
425720
646697
997960
716192
463099
667043
719374
59593
689575
371413
792182
913276
185485
383038
171306
28761
298338
998607
585612
270345
653896
247783
961171
649629
934526
23142
751229
260773
851173
570868
834295
320939
516397
812970
357889
471686
829209
58370
601609
116576
696281
696726
899408
972329
892725
952498
577937
887814
78614
907672
56803
857582
170245
933066
929554
623072
668709
756695
353601
241916
189259
452815
166423
18681
845498
169786
197882
562104
120391
894433
538871
875325
714964
644331
469795
36244
684504
309193
154198
502195
45711
753771
509544
522173
327012
525441
215572
784526
114104
561623
88402
820098
155292
99757
903753
950057
693611
693552
704086
672286
307915
924397
71606
356123
111490
360112
331881
326905
878540
301740
102012
811426
765660
323013
584169
553620
252646
949734
991701
45202
745601
654156
83576
425309
731894
711957
966725
941354
233323
149429
738730
13269
618762
711682
709652
66286
173945
428163
526670
382532
513176
311435
584270
836517
300144
74370
332215
919431
433250
517858
80486
395823
970702
657307
372174
75313
513806
406223
70265
901522
440627
106618
741035
68288
459237
729814
364881
455635
118768
711264
654832
949189
631344
126424
494404
359077
88606
961607
41163
708390
638152
237554
592267
715622
668854
560503
225883
776921
556307
615467
760923
667301
72735
191937
600775
358309
467494
509070
319007
704002
288289
54653
321553
516825
818436
491663
886097
557453
146771
743489
281827
843350
224373
421923
348061
163356
172195
792491
836206
821803
727537
414061
364173
55374
212300
81663
4503
727097
194959
333891
226546
340771
39679
353069
179049
999850
494086
834655
563159
99900
81563
282279
678406
563573
320014
99732
587598
650362
187705
907523
843303
476822
64731
268957
341859
621554
878040
731674
754429
645810
916662
991080
652931
196442
825300
481083
66736
62236
457854
666972
329562
194780
422441
330511
901191
176583
386536
726506
462518
895641
160756
384827
212484
568903
634356
716608
559810
627001
201772
345859
559954
37124
70481
68788
647783
186234
964467
586705
749046
587151
188813
161553
399621
97798
769126
306041
381926
579562
659956
696399
814722
562976
580082
41358
958366
464439
396157
465650
965602
711468
671849
582814
801858
118897
825287
306271
853347
425716
606610
248279
750915
791129
399051
405790
468339
576264
255752
555386
251829
50276
970946
154842
739877
980074
724141
557827
216673
943215
571103
425380
176479
773583
943008
500820
769151
767353
277991
494436
648066
178465
385846
994649
790913
482764
341074
830387
941907
830390
831409
605343
2265
807525
443838
611987
436082
939746
348894
618016
163707
466877
13249
160011
477430
558159
712618
741100
868573
899806
779510
427166
825336
135768
266961
688621
312040
965939
369113
314008
828361
371613
857096
902883
368077
841137
574533
856911
837684
83119
816982
161370
283464
341927
85496
268703
729426
450536
163338
449358
306757
376911
889623
403422
307390
528337
82789
273687
610170
87588
254343
463704
788389
357955
519087
543335
933577
511480
187322
672620
534259
364871
168316
248874
482413
277241
539260
191383
687805
977954
472183
435600
745040
924448
460749
780135
394363
570074
263003
384051
60163
929989
754003
571116
846304
886414
558693
486847
961185
418512
770608
851823
474739
100509
632071
42210
551928
836136
898049
940343
230821
517958
885991
72237
426938
574638
350621
75869
48495
733852
254315
317919
939617
647579
934427
744467
261165
742379
818436
763125
942732
40363
691536
13491
956702
95666
80082
396192
478378
282952
844943
257618
998347
713834
863303
430466
278275
126986
263868
125276
713502
359337
132075
874080
350294
948316
747977
716330
58059
106086
104632
164460
373416
641447
789529
720198
400819
357440
921654
564487
100870
324170
113984
698145
940730
97075
782641
154936
479965
128661
222506
784322
169096
92836
903282
551767
737186
719560
363884
827183
719538
716098
866370
927033
248415
950101
848735
396244
410450
887756
939772
518616
616653
244070
385468
138709
277812
416880
717200
576693
13451
874401
165336
686300
920665
659179
999
613796
505251
298488
752997
684733
537211
989820
190911
900499
782154
105764
449368
546554
616408
58765
568720
380231
434176
934904
685146
212660
368095
176685
775940
564404
678810
925958
176241
548626
624107
465633
470173
512987
233793
887045
26435
999039
123493
601045
615480
705855
850231
375679
697969
776364
806863
70271
113103
466685
873799
321615
787332
170424
988071
877720
511092
613872
85495
651064
841397
530410
45825
537842
344866
181871
988509
611422
28147
93400
583512
14528
255475
381590
654000
141131
336568
111684
842422
989189
408284
449871
216167
681080
121914
665781
521708
469606
892060
675817
115755
281935
235389
140814
57870
287803
716886
685671
231187
726063
681379
591034
847172
477596
749074
18115
107805
653213
730746
120550
856345
871041
422214
128346
598236
355885
685277
967939
560084
507972
345738
221954
360693
993305
36229
198188
168247
613876
995828
738570
827058
462209
589044
777535
661365
968785
518254
880470
448876
58129
236615
335043
239936
463468
298682
312743
256952
362633
455121
99374
411189
519116
363231
49339
28991
499991
269284
339988
86377
832816
860522
583258
649807
20971
388005
139111
742351
603512
846215
519324
569880
192019
446695
474106
913073
991793
341960
324453
620596
394780
809203
399469
19875
71688
172976
323005
828289
673986
180110
583476
823711
943842
401885
733759
284245
210933
357254
576605
588290
996777
271206
370241
574126
645325
814699
967129
379910
526599
442861
607598
747776
720007
447963
13913
797964
55406
980282
356877
319216
681091
736190
437201
829503
724744
957178
81542
326628
230283
780009
795292
451920
82890
796762
341241
53426
596682
159229
278321
69723
433347
446199
954279
614077
472118
321081
809903
864514
666805
273260
632963
242087
137069
257583
63258
661740
160002
135674
864911
782637
93488
559706
370468
973410
892244
418350
888632
588617
916343
546373
531865
462917
404020
959661
843110
746373
837474
57915
217111
196239
602018
695177
558838
316243
783337
676469
990338
693226
700961
535729
1678
63016
202482
589906
988807
973353
785101
466409
81129
972734
39131
51212
937849
502195
570805
104079
391027
704789
635957
401868
494438
188087
956584
983200
463397
12057
182187
925618
877545
352826
858016
653259
285116
76862
562402
378105
365510
905923
642427
265811
152252
656842
106931
898227
518983
788868
201801
705111
418384
912321
796460
148644
922552
123975
332294
473557
330893
795594
931536
955743
829005
401859
624839
481624
943192
922577
141845
423447
337230
472189
513742
611719
41010
918523
880703
480622
638095
64341
478757
426330
127329
332112
226917
88421
422205
57678
651059
673100
773263
345928
899212
881778
759254
745657
234637
302920
61087
676467
877658
848349
630777
893580
222014
561855
420854
253021
922034
758544
826408
476738
856845
343716
893461
492386
578858
451924
98327
603872
175820
397277
740726
245110
976770
758055
309404
280273
748438
170672
366988
779010
824263
784028
807610
345510
425577
45172
716927
487039
544218
536214
412599
132693
506464
461553
670764
359040
406497
360410
209911
139341
238481
974502
470666
640798
852832
482383
814095
274346
975408
583942
881169
518768
947510
9937
884106
51159
637083
786932
611585
115200
32865
117966
452639
434294
337076
669742
509830
555883
220354
779552
65665
914335
174875
16946
174798
381544
305971
329040
819223
786125
225204
852831
928353
113961
63060
347107
127608
535412
699484
50194
538201
359156
636048
843185
460415
701186
103065
642507
689358
432542
935400
477235
345464
574082
966764
257718
964613
124730
517113
610671
650453
615650
392354
655403
13347
891700
419306
305391
528261
538946
219048
693708
663252
449358
823973
161
439132
577823
91641
178514
960934
480019
213745
485257
347565
590461
90869
954466
515103
917169
901484
969085
532514
292085
872667
285997
59970
64869
424814
484621
446622
92486
455401
46206
856686
629480
318186
618839
713497
725888
892764
482399
407096
593904
201848
564935
661613
103830
74929
359373
966773
748356
960075
794967
759269
596207
811681
94964
513253
606671
20309
229664
937061
251207
168607
97113
150573
383502
390313
642484
62683
301855
751103
887695
412677
685249
162260
176618
767429
675008
260796
755570
565926
576378
650646
276491
414577
118060
185133
619794
804923
722823
195178
39394
246928
989295
923270
503655
186031
385448
930320
978248
654078
719724
28
521173
249429
139089
499905
453107
59573
447417
274553
559945
543236
326479
778260
576843
143923
349754
211468
907660
682172
421412
148516
229557
991518
754668
349681
914374
148439
671776
784319
926641
277811
198893
77633
408582
773932
620628
682880
676979
797696
219376
703674
992364
730600
362283
905348
640642
476843
813426
596378
529363
899703
680408
594698
349555
504806
183847
861982
109056
690932
536432
861896
489918
382059
597204
624784
521801
738780
729080
557799
761819
482665
926554
481207
811301
416269
929671
281303
129283
200118
724358
109365
784684
775056
712829
713480
853130
865967
476989
333368
455056
346170
648555
512973
59356
409141
29135
165210
267392
217051
999161
559659
237359
158475
34579
476993
615863
938265
73319
291610
985166
281758
689247
992348
599148
107220
829563
244636
522952
101678
933073
228323
180035
926397
892839
674198
981455
932385
769149
867612
916568
640055
750241
316240
238521
139943
341805
795910
214237
516074
525881
926502
124849
845763
939640
700287
612181
958523
399853
227126
149120
64199
145243
691881
961101
411773
432552
284874
503031
93786
940206
889815
476554
948369
283153
147040
998368
666177
692228
283159
558530
820624
69846
769151
761097
697665
600509
473851
956690
799807
409428
882790
961564
485238
356306
95921
330360
826998
495212
472411
595226
842434
487419
804942
503365
356147
924659
956738
344962
979831
98568
736568
746021
782545
872031
3388
853842
900854
494004
244109
230035
518874
116297
144578
316354
705595
474391
542496
396866
606202
380916
7311
156414
473731
936881
609625
355991
228715
419566
23184
702123
332145
775501
325940
586818
138704
290748
940957
190046
903684
978341
369254
156415
792230
304198
329311
135917
580586
248755
824188
384986
946132
193333
527692
94024
969392
439637
814246
391977
573448
170505
179929
94103
413755
583048
719423
237924
217029
655617
568296
592470
717359
321863
703362
440657
320093
633700
454972
603160
61256
105758
341498
489164
647611
793338
33331
785259
638216
600814
115209
604420
643920
825364
893281
654159
711294
380124
416913
403706
459610
520037
612855
757357
644601
112244
497176
313418
424695
590970
702528
609498
951360
144981
477268
545095
945278
475324
149247
416732
557647
593916
149240
200369
157352
712376
733892
137034
289773
788237
790495
602768
184081
886316
628937
221008
59100
200863
630928
267778
511859
534183
522283
456786
340139
795512
928127
17303
825617
866148
658810
702995
316115
60262
829724
620631
625322
622868
742878
935346
500737
865347
331904
1239
83286
903454
603079
955276
735745
682319
679186
487258
895857
337602
884765
313166
210869
632377
492981
803129
333255
546749
806390
483988
556159
293589
765071
500981
297769
441656
192470
99882
116211
189884
607030
312459
963223
537584
578962
91963
231634
409114
307736
465231
487554
133301
176141
922809
725190
853138
818520
353121
365554
896416
869524
701385
818325
209811
259109
74781
220275
125108
241193
863798
388420
854917
417440
263070
219272
715070
801845
276116
817872
541489
502496
315745
845826
650558
238164
69572
683226
914639
601768
607834
455477
659714
500625
253849
185854
601930
393518
517009
904626
526859
983587
170729
535294
872481
668945
125527
550700
438257
882541
148242
462140
632413
130456
275749
92268
652892
52653
294554
659473
829915
749657
251031
42734
736061
338218
231194
230145
180107
692282
729684
112658
571175
394441
706795
151756
488060
447189
816994
413458
373886
480917
455416
362052
747732
332658
898729
189175
972763
570502
367566
314481
625250
995637
779298
733215
691971
387708
27452
757000
896887
868186
68704
253381
273987
667575
936528
46782
905231
800272
64667
711241
414154
8927
291309
529295
121471
249196
439747
80810
643930
185221
12503
382307
457395
473312
888056
46701
495944
671678
832850
853657
57580
151334
512095
893383
111568
449147
642690
6256
920453
728408
137489
224849
710440
853179
965109
924546
846300
576258
931888
197950
631455
351012
386618
833755
890948
747110
673990
152854
976018
649721
4684
736592
715802
699702
769653
880524
236877
465489
470012
981597
968029
880605
644278
279814
679679
617028
999357
643167
99142
455195
454114
825715
659377
845368
813713
715395
835877
799990
153871
95493
499973
907799
817110
900115
854168
591724
834005
580900
43552
45477
972825
204165
75204
458388
898258
152317
483401
882206
756685
651692
401952
193614
90519
834675
636033
176209
271226
164368
645211
478165
599798
5149
378199
617141
89838
65735
850142
900906
473069
729094
577558
37430
666612
725460
227438
826543
347999
713385
479419
989979
195464
575086
417645
318520
81001
275248
177035
633551
131229
98961
872883
892877
190837
799898
489207
262659
195726
432320
727048
352475
163926
391708
296503
620546
583448
883089
643824
330899
574763
811362
146177
341835
254355
34788
781179
461467
663326
335362
725911
485700
655333
84978
191727
279183
481069
874482
627810
140911
947286
727025
690225
62054
968087
544177
676596
510862
831369
192524
462665
823137
356252
892674
979752
719709
365765
37537
465797
575762
106612
161418
772394
819986
743497
877880
971636
811786
184046
277709
75952
127584
862102
557011
448359
856372
848182
760860
167268
61749
657624
164635
337209
392635
296769
360866
863514
125732
598216
914974
184427
985680
436209
42517
668371
528015
436743
140711
17874
877892
773649
878125
896196
214511
307137
561936
819945
676005
926043
518420
993450
758937
515850
549006
441538
805337
523779
173919
410442
641516
927610
314035
326233
767729
349991
457982
541488
935468
673780
837810
969539
307100
401357
17986
447868
316223
21966
867240
124931
560150
182197
612475
305506
610074
637147
503037
386613
149660
950879
179856
778096
806966
137413
738114
928328
963931
826052
488150
806412
576418
801531
804293
858195
58317
629920
155491
625856
846027
520902
338197
861499
713423
96770
187538
176821
928811
605060
186818
546481
189432
607179
690624
456244
18631
847731
139015
182638
127144
921811
88453
773745
612189
339569
991328
326647
863717
483436
995313
322067
561618
874031
134761
168011
154698
731786
880239
949049
13426
434462
283794
294628
923853
533077
794258
527149
447577
173305
59681
977925
698410
264516
726779
856602
394736
498458
887183
7877
329718
313840
607398
609541
180222
367159
67181
570114
447968
754886
575820
425008
219968
654356
947202
650495
854501
742452
905326
898507
976795
510404
827707
976968
716338
733165
884110
874837
674562
952000
614060
564144
994998
983794
34054
149217
263270
540657
252410
512989
15248
904441
277920
409247
929946
894570
672299
836153
459353
751261
53656
9043
658146
952628
299636
728896
358514
831824
918444
956930
953170
363388
200708
886224
845540
865983
885320
319360
870605
107218
571282
178774
531494
396081
591637
96254
912538
476365
594363
243128
373855
172536
411346
506770
188825
835615
656027
316682
814946
254355
792002
539533
480037
165268
530817
952823
786710
158825
422612
567642
484215
248518
426486
89124
901573
770622
319872
806326
581334
506948
712477
309382
779006
877791
558050
399890
907368
910659
747317
39786
993540
140551
161709
964660
394124
93700
467194
850136
572360
18577
630654
485878
701504
790783
301303
992946
319243
683407
672953
569099
645616
977892
539100
806457
496484
224841
984552
180369
809184
647226
490453
631966
557603
523676
332960
174551
509923
976038
651722
451562
690973
7851
777687
107423
198089
759264
619139
539273
908182
135046
591544
54731
656162
367460
675410
36769
290805
852018
334614
420150
81620
164383
816314
514229
795384
469413
576671
4177
248021
272701
481098
257585
708827
360542
963967
927219
460133
811617
403833
235307
445039
643568
682829
352736
945586
246838
812440
441061
878502
538798
885114
340037
658556
291132
667910
582958
821640
406214
309602
571409
210211
872862
758350
895797
570203
563152
158533
144502
786203
50188
240747
189613
664517
857976
269985
98485
463205
390272
657978
116012
144344
632832
764453
851229
294533
255651
549360
33177
611235
147059
637970
264843
899123
644041
520143
781091
354611
752531
224265
628166
58666
713207
38637
140469
646488
113208
54931
447355
4440
889114
289270
742001
64589
543389
409260
569506
658411
503434
125657
716980
364775
102626
764341
829277
82391
235594
539856
436000
991060
430014
431217
104781
784610
244886
92304
269373
785142
426509
894357
396538
334751
769768
431486
421029
837256
801195
759361
302082
946559
144349
373208
537123
706267
185856
757797
48848
301352
636128
6449
971200
429347
991970
958240
69267
906303
244425
946032
299708
840166
435201
189041
954503
708097
615553
161973
924794
719442
184691
691040
507104
515577
528595
781162
375757
212814
907936
187395
527826
24273
984800
879108
226160
768390
576760
882875
918225
881177
793924
557799
380558
569948
775867
386439
658119
279929
692460
540298
852930
71661
412683
188579
225815
34546
451562
103514
58332
776340
165679
118898
69060
944111
136541
417668
69959
841581
728094
159537
805929
531346
665197
264275
255688
446822
404938
96562
937429
914722
78826
664056
201390
109217
903413
754078
987364
656812
487609
161991
852649
297344
220319
974792
150083
920807
481174
388823
362252
759176
374797
85972
722964
162655
905501
46600
217674
954339
360685
321135
828084
888025
298907
650473
840998
860611
100024
555554
186286
711303
952735
199724
3068
210691
367702
757585
996877
68104
516445
448113
74393
907715
626986
758005
297528
453262
302162
596941
347191
966569
466620
296028
531436
983052
960357
43784
406148
832974
862437
813330
432621
413372
996166
285690
799877
343427
799894
136381
755283
484905
674955
197696
70719
906475
888648
12558
819392
611748
226113
685837
537458
709435
476299
446982
322275
481802
895623
148394
93664
884537
425637
924694
374707
95177
320840
269952
683814
604631
158186
896744
260080
131156
905004
419895
49982
20952
786622
358959
986505
304761
354339
330312
803839
804079
159541
958607
304238
550710
307232
787817
871815
804124
424355
826847
494614
455585
32809
789664
885746
7296
277511
253835
901715
348261
505336
986536
146947
533372
415995
398527
874271
854187
771219
262785
378601
892260
830038
456662
512863
520825
416997
989403
599485
97690
484171
98129
376245
329616
119537
825867
101505
522241
622266
528840
90684
524033
713795
944054
694138
570242
401900
232437
627469
203859
948790
200752
90825
343779
814384
303617
866306
562529
119119
94838
555501
481874
879009
297527
946088
477414
57108
311063
701877
264053
913540
688665
819580
402169
549881
274396
643743
886920
277718
357874
374834
155794
105902
417248
531477
545943
362507
7501
463707
254777
137204
796432
878116
584593
755046
42466
186624
892745
46342
287572
977753
509065
447745
248928
822788
536263
411222
831691
149679
109227
679690
552456
866298
375955
446287
112097
503635
275049
499505
244025
731221
548873
185178
599187
414653
352668
421029
324877
822396
131036
377816
116666
920429
45359
606660
40222
833839
388346
923940
954709
809808
932085
857932
246953
332881
669559
775534
83938
257869
649912
318886
991987
915699
626779
632119
208639
481293
666478
204990
565549
478726
156934
425788
238490
37071
354807
58876
337660
440427
571957
546933
255102
68310
775185
3863
886272
69243
25897
996969
203034
12781
167414
217224
281962
426028
153951
170979
344495
33037
661642
377376
906766
813099
211406
771036
982761
701328
127135
152650
853708
37067
739750
430060
81418
278216
395694
894029
778736
238887
932706
986441
184862
260696
320089
570210
58269
522123
426712
991232
480036
743805
257739
640578
243216
119192
198367
952591
930245
539105
606026
160
94291
375426
615627
26230
158909
924094
957979
350340
933636
402027
460054
346014
164484
358519
295739
350115
654225
851583
914148
955412
7316
496710
394058
684874
491190
903570
90832
348386
325027
349492
267252
753175
578185
212300
671403
957401
905109
504892
60380
16713
387068
266099
613767
536567
571702
903738
259082
184661
380671
333998
694541
279563
328127
784471
472374
310772
596057
935027
856615
684810
37546
60853
328833
570125
419688
555249
948008
634484
921198
576935
218998
952120
516053
158946
458384
889299
806988
395585
715427
357292
727789
892910
286334
217601
370760
519998
506759
617757
778022
266594
403541
675162
578422
222060
593232
774578
774577
5891
521209
131150
159146
457085
308526
540043
840929
724639
509646
996138
218200
681363
456386
248858
680196
535438
373626
249573
32537
757120
480427
759458
516169
730196
44204
287019
663066
528898
121582
705124
649339
700851
111878
811551
264643
86048
460104
214331
816040
341974
896508
979063
878083
687914
587613
720701
645315
279548
926193
273824
48127
821475
409606
765202
770776
403970
980251
138503
827061
885615
239939
756667
573687
350362
340775
211936
595802
551846
916209
501471
108688
765607
792696
138324
662539
938256
138575
939147
495036
428996
214050
303079
783645
351562
614440
927990
943920
552232
306189
523462
592333
501632
377570
113119
636359
874531
127879
676185
417648
773440
342578
879258
866382
489862
617779
479574
129693
353369
754358
141408
220652
695905
216538
164420
456535
749935
696930
258870
78361
538111
32742
565551
684100
523413
237274
671505
384196
137252
736233
245241
772391
844508
97151
951878
472361
335180
507787
619906
699727
839141
969498
842887
701079
671021
925939
703172
281222
544569
725894
507723
794702
208830
629719
1223
798603
701483
797729
657471
84499
277781
960336
300451
525474
537386
956065
441390
289394
757239
555350
572793
635505
158469
563848
985888
84354
141608
45633
990705
40560
160371
128974
250447
466839
253649
588427
91622
421618
592610
647874
432199
850674
139969
959056
460816
87405
467157
796658
495619
891872
378716
319374
911940
323977
588514
500474
529740
282417
757008
582777
36126
583055
600852
791656
542556
135687
34457
503611
163389
197749
797141
153323
990730
131152
299141
233078
234141
311373
415903
737519
812455
286173
243715
104247
814035
358358
863115
945585
982314
79178
541856
835517
501891
745864
539953
863339
639180
661187
389033
174921
278365
350503
731488
954805
651689
61592
186645
246884
922097
66641
317110
235566
80556
619309
294852
508572
480417
921096
900362
870488
372962
351854
756949
274732
923314
203587
324032
770421
281471
612593
906947
227919
532212
653144
435784
298643
438422
180364
812046
195259
279186
987723
400230
640149
236460
875859
572984
743438
437636
967619
815315
735583
166847
905599
607772
820316
931991
742828
384001
936428
49419
397048
178132
754609
481927
450332
916679
699257
651535
7322
582985
414339
425615
899339
995396
704193
38101
63179
639611
220220
216932
710860
717895
756384
620691
421412
300683
11974
983122
462548
557624
709163
281069
126432
514104
473505
202276
230540
525307
433702
132841
985840
722683
937176
514073
417157
498302
552363
454732
384894
721922
907905
912614
906571
795912
251569
79923
17317
946752
574570
86743
400188
821966
994896
58152
722496
641839
909222
471119
249255
870396
368239
720712
288151
785117
693849
650414
224310
995227
606274
373254
902672
80500
959958
119346
439405
183271
573066
717235
922841
813252
877993
42865
83586
936006
99576
758112
760276
870307
91609
583658
702955
766546
616931
396837
983949
767838
856092
568253
523699
48228
966714
120953
186279
99689
110711
748339
709795
113311
118169
212545
766760
422818
791554
680516
508663
493401
277087
672549
549789
229666
274402
295576
953875
717655
532277
624392
72286
322449
826467
557461
166073
140478
752915
304641
451914
600610
341292
222450
321601
857322
923685
874362
978128
248
432923
600696
42901
885404
484520
192061
956008
83107
173419
395094
305550
435507
527873
377604
876738
562748
372056
146565
953896
281767
898845
466203
688828
876835
315075
550188
570550
948203
342111
702567
800597
766971
311591
923228
754593
673944
844488
57498
457126
711354
224276
403926
829137
893507
233106
362736
303863
970515
402691
39063
620986
274160
906534
54554
274224
952721
82669
778627
233443
189282
299842
892589
420001
583167
366863
537526
667879
874860
314467
177616
941086
369831
359642
907144
740521
415589
479880
930468
464934
898958
893719
803639
987950
137804
56435
213997
576432
564396
556436
325219
158159
948295
637416
280992
705243
437542
400382
357260
443566
651289
63169
513144
740410
318469
806023
11950
828204
300260
621369
179685
160954
173827
453286
818282
793380
196901
574809
888991
46376
363403
254542
688522
154428
236512
31780
232470
62439
284761
403191
78934
985723
917214
53947
527253
405296
324183
400073
435353
431972
479815
682807
752680
730956
292165
34163
968319
700852
325828
258146
745324
297312
843000
814531
37827
685391
73033
596
468250
902368
730539
277317
944368
474058
351165
335230
702430
715002
136002
924447
720750
472344
714705
844306
821747
763576
718732
290100
598346
981688
855420
54619
407693
672855
487116
776444
181699
859941
634226
488576
335889
221180
64387
451892
7083
322085
320079
537992
623765
427512
432847
963168
83418
30803
823055
755707
767202
171919
780074
76712
218072
373513
639407
102563
513687
803281
641964
135458
415414
225843
688333
535847
20495
794405
140007
893803
402599
561060
213314
80247
128634
267479
743977
776546
384909
980810
445347
183458
46786
131696
656257
596890
462064
614583
781005
725993
84184
650114
610311
164060
747310
863636
815221
528345
197342
484228
603360
12874
122633
149704
686819
578581
22799
652453
842085
695611
736350
169594
844253
489529
756497
382646
970248
690757
803403
153899
519666
887145
710143
538996
468401
3752
4046
281321
911302
530247
625893
160057
968372
961579
793207
709711
317464
966714
862908
657392
109049
536084
230656
650728
239629
442355
382811
393242
474963
770139
521241
537107
777986
596055
55811
680832
105536
526291
314758
609821
479599
198426
185234
732361
40308
829288
956657
187030
167522
821088
305400
717444
374342
531885
303639
467484
178657
859810
246318
888673
337961
897578
422271
968164
868763
777166
178337
681222
986316
964452
474127
599230
204971
778947
850908
799804
186797
231040
357560
938935
759310
393493
521820
569025
726102
288159
224033
486972
441158
584214
136765
242110
523800
509876
816093
546805
862217
92967
163783
538172
135531
812330
684358
915839
314498
685583
113161
409641
956516
790851
732551
746867
959981
850723
180542
929167
794848
253846
212419
785056
980042
289371
639497
229255
774049
286161
244499
681778
113365
224664
579549
628086
845712
495170
176054
239947
223015
160372
336592
431413
545530
19554
604061
255070
276484
221257
494891
413152
9859
213773
689057
82055
396932
619636
653316
646170
684953
660498
464656
179861
449548
109878
243206
180039
607336
308730
208005
664449
963814
516198
561206
43916
611285
87164
577953
334997
60666
548981
837675
190426
328214
300287
150629
729220
452935
161015
599734
290381
382760
479018
186195
510667
518123
637383
807727
738335
761689
128169
945884
894210
904485
461411
244877
835446
934260
989784
645062
875504
124539
753935
422131
878795
936475
24406
175882
746004
114568
744298
823644
805276
296696
301588
62208
747224
794303
298866
663129
113340
376387
386475
719838
746214
247932
6468
447220
17335
427278
611033
986652
498819
265704
700088
549259
176901
425040
826515
60181
408095
634847
580219
685386
887773
529606
848009
434157
682340
749155
297722
654526
320598
843548
822422
161001
450502
818530
452616
954861
250763
992465
178010
783771
702303
202922
970156
921584
734980
935143
646583
578967
886249
169526
726652
844230
359274
326244
88741
330677
620747
677759
614884
116578
8236
700623
498050
716900
251881
633450
962599
848119
586851
725876
611790
530509
925977
421855
847440
523306
763905
778515
13917
380122
435891
428496
387831
233257
599900
139219
480164
220295
347025
687515
531677
724353
872637
173888
585691
45776
812427
759128
213396
9097
20037
969766
272447
351174
45848
430950
4699
566865
882500
29697
156444
505239
637503
862339
545615
225648
846007
792604
844375
18055
769315
346617
109707
660596
562405
944582
424511
789806
914760
952905
631000
71168
154731
712526
598612
821363
792998
927488
400056
5914
703146
591015
629530
539798
187794
884035
422765
492384
850983
243195
393500
846040
738801
492672
127786
599399
570609
637712
346595
227234
966101
589809
707212
309884
485256
836274
141564
792945
598468
373786
879933
114695
655665
230208
964318
892252
741647
625834
278271
51348
409326
439428
398559
47816
544984
701485
975876
6283
615300
533507
772556
303406
803114
374503
898482
975272
789063
712096
493843
722950
363919
483557
989018
633816
549481
90710
835613
702016
304849
731275
34696
7832
244004
777952
2842
956762
586731
915991
6078
254682
8324
1529
76679
540716
297528
338384
606772
565555
133233
642949
612408
6362
658070
118420
487266
982446
374067
174592
249288
876360
677607
682366
237561
486452
757095
657861
679832
918327
719108
735351
840642
58835
512402
157445
721594
327449
262538
621841
742451
542264
994262
654222
36312
812817
838925
94578
73921
36907
837674
298160
249220
756215
448838
161918
846755
254475
143711
632578
835645
66179
775993
864201
137015
723084
186502
242450
162484
85543
159989
541668
369227
986766
991116
131945
498922
927217
601773
399639
818587
975677
144335
20206
643767
910875
41244
951039
359981
536540
369201
659397
56019
352265
768472
222058
309914
707581
719483
225350
20817
817246
108341
443636
931102
698194
731583
808665
434656
94235
452978
319606
799313
690793
509156
42920
251764
561620
307169
861777
768227
520794
509633
946683
497813
330778
259015
212880
710438
10394
752030
127296
27620
530683
691417
840213
561367
232786
271891
596965
880266
366737
609541
976010
447717
265672
911889
585454
168063
134231
175233
204932
843276
56435
955562
898727
925057
196027
411430
654785
762204
866027
686861
569183
236271
44335
67929
333453
973618
384622
689622
770657
270639
958110
824453
773212
101143
19324
588781
230143
548592
440417
847755
293008
257241
42657
979078
658253
889518
574220
216607
869926
554515
260342
487221
41695
4834
670412
881788
823028
434815
607783
269894
993611
629138
98491
637817
255852
261846
616982
762707
741386
414954
988151
48948
478332
34136
9002
164133
746592
555811
569146
394033
434521
392569
761888
963658
398015
247921
277145
473192
499428
320362
879900
804831
696258
652471
394905
553767
876458
63208
747134
111585
357177
978553
920907
823900
226331
833472
387117
200149
301498
671025
561764
469096
89037
804682
169640
49072
69187
458082
229978
890499
122308
751223
507118
506316
299736
190091
195309
643154
173213
442987
864962
475073
53300
984254
85809
388340
723953
565892
973926
538913
412635
178898
263706
526164
308540
506560
477134
562058
502130
996730
711662
202880
83997
813073
370467
32019
787703
618130
456545
72018
857875
523595
502185
299543
280170
573571
730678
529177
523261
840830
86193
414747
54707
978507
524674
137453
33185
822590
653023
958520
320321
154597
921268
613752
758162
857468
113631
124713
125797
607859
616193
55847
313851
699414
643312
321341
672343
167388
329994
55827
720168
746209
906508
727959
118253
327503
393755
967668
58880
64167
738024
571568
707121
481720
652089
874992
633624
385062
772135
364865
28757
788683
968338
739609
4437
931129
668299
988327
230670
868212
39762
802315
168336
460160
520665
291581
38095
389867
934635
554432
588094
365053
758285
839701
511764
886960
748468
501936
733338
10844
343928
536512
575202
805671
43234
503569
291204
747111
361612
119691
477115
881957
281277
680169
228232
194784
146454
941384
519445
428203
294720
764491
440821
473762
955148
23268
577999
7050
941513
289154
818522
11409
801379
106422
170063
271605
490884
194889
162544
451816
487700
304063
82228
459256
953806
282080
551336
971934
53860
9175
861662
140561
528168
425701
425715
2988
831322
909209
795393
345175
563732
627012
877949
954262
44675
316522
354670
113576
968522
785003
372372
41220
432867
535887
465269
856312
776170
536358
399510
731039
676660
659374
379670
641787
672820
634804
371358
636046
513464
4079
373287
679083
642567
119007
402386
909154
296628
389627
964498
814098
531995
952781
488989
325290
413556
590091
866997
815269
257232
912159
999517
268949
415440
588876
423034
589414
581044
240972
317705
790365
931165
715352
837405
238730
872840
999893
944201
741443
438885
348436
134572
46761
31065
93470
354090
757479
751039
635032
395109
64125
795294
675497
432705
511819
632004
590190
492690
954073
4480
5144
367677
237994
312339
21011
249128
153453
968098
854583
462116
987495
789549
947811
652521
206414
8602
253417
451942
471257
712512
583722
542337
336170
406401
696040
559835
619021
335197
477863
955327
934443
432696
935137
698903
183151
495025
127410
147414
668676
890869
137830
951120
812112
822204
220344
159292
333874
603698
490570
688707
23673
418594
683333
677200
408956
581543
304682
481081
419085
58135
878179
855431
516731
185746
296542
235636
296800
555587
615428
713383
632144
461826
994695
857543
547986
326342
135200
697524
935175
958674
160769
81926
345943
317236
842993
7415
662802
772777
701899
31171
677679
426834
382151
324986
178678
260636
799400
480805
208255
253329
574894
657554
749693
847851
881791
779277
317195
509204
870240
107572
195340
630002
629808
860161
401079
724034
199850
515961
658825
8244
416887
809695
697609
920259
561779
90827
238105
431697
460658
8239
953823
791508
227303
329735
110550
429011
489314
951159
234725
539024
197430
771189
86690
503130
911285
472788
48537
928951
423429
369804
236505
136096
317479
246561
750863
321761
349604
579648
345980
104866
642409
115041
882471
394761
536803
551578
482161
544440
463847
15513
694017
29673
481528
202868
871684
711213
730230
9955
615908
369441
258260
301271
630782
197328
670847
202616
842672
361935
281530
120675
624029
425864
765912
134113
518531
202928
309474
671785
874555
617118
431955
577840
234557
966721
792052
988833
500281
57754
512517
532683
677634
369981
804798
462089
108684
427521
754977
605418
307617
52878
102939
745985
946863
142295
201391
906851
881429
981297
280881
343966
874232
157575
824553
47671
491489
574898
628530
573697
401851
443142
800055
813136
540754
948012
38613
250070
625480
387486
520938
620160
737756
213855
238079
88487
868650
719638
833619
915982
762449
147237
691907
527163
247594
146478
2061
264574
727264
626958
759036
394763
171598
795109
591759
985043
937686
186284
67870
608465
378
722814
805921
855762
742787
688370
622736
877560
694312
211152
803281
578566
458533
613250
852876
209020
313896
296145
180333
409317
445314
693960
671997
863994
651528
3083
110308
604271
426037
671603
629088
297961
111740
52339
597063
106109
42243
752641
400189
532340
195249
381688
924119
199149
463101
946427
195948
351619
587732
690953
657380
700188
585764
836944
141288
697628
905942
356451
494676
619562
995444
499994
321176
641343
611835
485498
846058
126448
389713
215491
980444
352676
469606
585399
275859
83078
613913
344304
315799
559966
191056
306655
840859
374470
803173
240022
404610
93459
591461
986730
918453
753421
381448
348262
77755
240810
661125
268602
334534
944943
829106
709630
962748
807727
447059
897372
472914
309967
197957
927134
498584
973134
534728
908603
576356
455074
326303
284866
455147
255768
221584
813641
633938
793165
586402
111961
377761
167945
182078
60017
90234
209387
782927
674357
421390
422230
538139
999146
108879
667321
513368
846556
239178
878062
769597
828883
276438
802327
899926
566614
946497
767911
825777
495092
442025
292120
107398
609773
694327
126347
132511
334243
853953
69064
472608
529662
54775
760412
928086
318155
876795
244318
388379
710677
246701
546014
507110
122346
350503
950915
308654
351172
210901
312568
503088
881064
87855
180987
371245
854288
681948
86911
298475
414906
97279
91777
170847
541733
697786
7565
15236
921064
865205
185745
157307
825554
438320
791691
309455
601554
435392
231989
982806
973928
890733
239640
370303
471406
82264
789351
876459
389194
601925
895772
106655
636652
91096
716023
785996
879872
697427
649277
493932
661020
529981
106091
593564
753091
421340
754997
449239
250625
926796
680414
186307
679867
683291
481809
404626
377537
449004
777354
542294
192872
486093
354899
956314
135951
524886
738329
278471
364820
651740
748317
581977
78802
841942
663796
299702
685335
963566
405469
438687
517994
311441
227190
286613
405102
698852
317754
680890
288050
897747
477522
764809
648395
538829
275351
570765
770804
176797
335746
409196
408480
12011
319177
892610
557884
110247
795657
54492
135176
951957
269352
828386
988069
800049
677016
606671
999798
932021
483018
503305
938227
922869
146751
679950
79939
277342
3184
868369
669356
134501
123493
320077
645051
48257
300272
451017
233398
981570
111389
617028
443466
339550
879343
775546
931803
761089
971021
358910
392513
346353
128537
931730
583458
328020
628443
133683
355595
910240
918021
853073
907421
66829
747763
446509
753574
677987
623791
355370
155009
115060
948345
487870
602528
580678
446979
881801
236162
455299
234641
161263
195942
72263
126822
202483
976566
676469
924806
859140
56589
454388
404266
24471
814904
46195
513683
261912
971871
658253
883213
582404
203693
33075
586386
127210
896083
54456
257694
800542
212512
571001
110659
635220
254063
218209
225797
543677
349036
167234
179304
360812
712908
90035
794990
807404
411138
421788
548430
354304
801905
640978
98472
437516
262420
647709
122918
130077
855580
976560
288516
113778
783901
60187
877403
585909
630698
795166
550298
885090
896160
436992
569265
5761
605332
254233
788463
501081
469122
243558
999505
334893
406534
591563
78777
149403
140748
963084
508072
858567
32929
299278
548439
978524
551252
775391
852090
264218
539471
254373
951218
962566
266072
787773
608648
821871
633874
972528
837342
247744
708666
736974
768161
78717
197676
70779
883098
109226
753317
453441
240052
31110
89644
99848
641434
42732
238464
407344
579342
210934
715176
138366
702324
316947
552708
340430
360963
503128
752624
928942
10520
520855
618447
328573
277987
797299
115885
879942
878299
254312
52255
616997
220633
768760
702392
957074
52131
130741
16415
223404
304840
182929
726557
345289
44712
687537
292653
613892
62350
121926
471003
774226
827631
632815
406959
722278
778651
443344
101326
569362
894929
96375
213488
205592
270813
598528
784946
816229
654143
198266
205875
106774
234151
661362
730484
506490
78933
300092
965914
30206
654810
48417
921413
172402
566206
762220
582388
526507
684798
947465
256157
310081
980672
894285
576954
630116
806631
913734
526546
842228
941061
56915
859321
396497
76698
441923
167539
977396
504768
549351
500579
845346
729596
576877
993312
85586
541491
641
661373
932059
450103
786937
198324
628887
251452
471352
840726
41718
175129
391400
746668
761095
480093
368240
721663
28233
374898
807106
899016
941667
708662
576091
281401
5815
380760
759113
33673
797082
858918
918942
506691
940784
476481
386484
106753
506611
340192
177154
9042
588787
150481
866666
66192
189704
88363
407315
69877
475820
118444
780509
285314
128638
698810
238715
162275
431023
468854
944901
613867
172774
139233
153122
793834
645031
558455
851099
957956
339706
943235
493884
594240
349731
90271
164247
394987
453800
231872
95847
931533
993613
143756
963170
705746
644034
387905
979369
982627
221449
794790
529450
862942
660785
716281
509695
106503
57878
362677
530893
454037
265108
964413
787243
572595
441523
251930
386910
235892
394307
147108
804822
182246
659605
818576
451932
19751
413973
723540
84597
87708
292580
683854
407903
867316
529423
807446
90599
161001
994145
442607
917978
142113
348374
756780
701851
594071
804032
769328
160990
305111
661914
185314
426676
22022
719329
511729
339839
469512
742246
166264
840520
352795
934636
479877
636864
636867
843411
156750
937634
659535
502188
288350
375377
225127
135107
961996
701197
945973
160142
789527
338939
969010
999939
879414
217002
330511
730543
348034
298566
523982
480878
15297
82551
211298
798072
449563
802959
137436
678391
650603
696431
272428
346472
911647
197967
564084
65657
447372
252114
770506
651641
269683
658895
997321
15484
233595
905787
401172
8696
748377
742876
164310
313979
81901
639636
186772
804867
596974
598430
889737
73715
406214
799961
249228
40925
466020
505457
371679
253106
840564
153794
36242
650900
934108
861296
132754
938858
735542
578177
554336
873171
254933
77112
110686
654859
210405
173034
428835
485588
888165
103758
634666
223517
832657
671561
158733
933082
402078
467392
97341
124535
161933
511327
763491
248330
891490
762516
977010
871292
591335
824779
129185
194316
141547
523718
490577
656443
146889
909621
752998
242236
385987
277315
565025
406062
164592
447502
257916
838994
657979
360191
3678
425573
54551
853771
3582
915621
412266
785535
693211
20933
682998
661492
354629
741251
309279
33791
448382
834955
255523
769728
684391
36880
795034
152052
623647
151380
968646
719086
989757
728934
385044
956215
934329
88219
111873
896762
72045
844759
366152
447642
24721
427112
748704
718864
599095
830459
967093
779669
196485
806888
582563
389514
5405
6064
916753
239216
367928
147184
122441
794271
109987
963875
708528
744867
773226
461957
803055
449643
535706
462832
819831
305167
130389
672905
285638
200990
499214
775155
597708
729541
7718
639253
768001
537861
307234
501001
514710
639099
900764
383059
766293
978830
942730
582752
23556
485724
95257
408147
495939
967132
453677
622607
294795
855243
736186
85967
675518
113932
467427
635444
708608
804099
649228
313112
304875
427811
45326
53541
90012
358814
367902
32943
727552
377043
265055
140508
326198
593697
508336
757693
77686
245520
372269
968896
185345
894606
103255
927646
32767
263678
78485
769249
868202
115212
757756
800389
646229
422525
598743
767933
66880
337109
521682
575884
917609
711913
320437
596914
79721
856228
186884
632002
673070
763403
573795
980702
836747
835415
312365
70387
275346
523625
834863
684028
527146
786637
656312
253967
659739
635781
833416
638352
888388
676208
851205
655082
201555
664925
461116
756176
115977
982514
96712
127212
960423
166933
79288
189143
783540
478115
364773
663410
918240
871600
811076
689271
124820
856759
112267
811059
929987
926998
669322
292222
522349
580687
778888
175205
240494
235321
919376
757327
71966
484759
411311
861714
585246
399621
905125
71160
648011
741323
599487
286670
89606
696406
676905
849780
980955
763365
536843
509869
408391
790791
151557
659311
877364
503373
423436
137991
806520
618923
207716
115386
861538
391467
619548
886946
171464
976650
73551
119005
198813
848749
926944
93100
269566
873906
599525
739721
472427
910442
126014
819526
910800
641063
525316
66611
629021
998284
429224
716137
70339
106475
647932
813317
682265
292758
824769
461472
430344
903733
877120
585511
69748
473149
379085
439135
251670
112631
524541
497471
995197
817017
442815
283305
962733
989622
814781
258998
956258
780595
362072
65456
361558
501519
529113
944752
57463
217718
735309
188340
867072
740497
897032
405145
638703
337304
475845
503517
827005
68925
335934
681237
211416
348018
941048
775127
492287
19332
405919
845673
687874
493635
171436
375327
901625
557805
394531
407509
413368
843778
846407
15726
584981
308400
275381
790838
566745
772038
908041
394381
690965
731617
394907
425456
81677
527172
930404
869341
870689
51793
133177
672386
359201
682921
219006
657422
9423
936233
957446
147881
691474
538132
313526
600855
687436
543179
741309
6597
497368
731259
36670
244624
72676
576229
957640
397982
182436
431934
482989
823785
800514
409560
370095
619441
678935
477211
373704
772711
279528
181318
145811
455710
496023
731175
17082
537201
777376
991826
891064
815904
415899
764039
708618
795550
587076
988712
971953
58051
808572
670447
781251
676130
551554
172879
623810
325479
906113
476604
673091
196752
233113
217199
775890
810249
276655
121980
318579
944978
54514
454102
221971
105890
169061
443721
888765
968802
809654
458711
752872
715025
361121
940529
407322
953509
44345
330970
133487
337046
637260
347658
51184
23264
941518
863167
354780
776792
46208
215804
8148
924901
510193
268573
420298
187290
644691
754056
608506
926576
73844
42369
37104
887923
520152
170699
73755
495419
281348
827831
972632
183941
503678
625548
632673
705979
122470
868734
511831
454093
133682
693626
943494
375233
719891
743189
403040
270187
111609
932374
730671
120108
991073
594651
916417
465725
702812
743224
295681
889911
625793
2574
155335
880344
278906
223249
93549
38770
208963
968225
558987
972572
472352
113716
880246
672117
733396
230383
613598
615525
219659
269787
30856
826451
193469
271211
149927
168468
306514
299212
504360
23057
428167
924299
246398
351730
896323
147754
588136
874071
890788
454907
680021
543286
923046
445231
993723
713183
562625
346706
71378
862416
159885
368421
95159
673530
799225
799784
355289
809113
237290
625718
102144
241705
500372
121489
975387
287554
876913
923323
742527
79568
628728
774650
248682
557700
132567
933851
592091
824438
767103
836997
675280
31218
484882
355677
534321
653477
100614
21108
578795
856198
223301
124899
958846
629505
937531
205949
354577
919731
667192
221762
214435
233182
641405
639111
775747
238223
427284
799439
520940
30441
637103
583076
261107
702402
89288
555530
14274
124249
974667
199378
744385
797274
413495
365186
849514
896223
787450
891262
800814
226886
387277
199734
319439
556319
864779
158461
984979
339539
241870
265736
759262
187754
474434
256977
912873
871194
850449
116854
603095
299527
516504
602239
481549
803119
761433
214496
333615
380339
67741
905787
761272
64390
489125
43101
223642
585416
384312
493632
517992
400705
583201
422082
706829
481678
470891
118705
28019
978002
429219
98780
934369
726895
395319
850297
832155
192732
694258
55471
575616
664916
630597
300185
343126
720178
824924
218297
202738
81757
839781
528105
768022
48046
29411
417177
662992
786268
684362
458527
636535
614624
730940
513084
686953
254302
433028
536171
336164
199116
566833
582752
606984
306763
375227
649475
447127
396345
625635
930732
467478
679580
302752
59221
342603
848819
764100
484866
996869
387630
612585
183797
473990
406235
526556
823607
881149
984804
905564
613074
996265
535831
401026
682280
529581
178866
307942
649621
905083
116527
889695
290230
55549
772453
126705
9028
655151
215660
145702
301958
508956
570501
864568
50309
308466
569158
733902
402709
491287
719589
66840
52922
621411
264338
410154
892632
160471
926114
949903
608655
121247
559060
681879
683494
289856
137944
269822
154661
145452
861821
312008
178075
484128
568107
429662
38181
21399
644416
859134
444747
874707
389278
395353
273982
49259
462118
808588
948383
618136
34292
592519
332322
717611
315921
842313
853603
303209
800565
590425
878246
629061
307178
319841
577533
936060
375302
44290
372270
942324
907061
98325
836595
517150
973518
63462
838037
747523
191577
406503
905507
350086
12370
900511
904267
683107
77455
605643
186546
129421
632999
615073
436342
275600
935024
319899
473258
543048
924997
156333
687124
937534
951291
599216
485183
594561
408841
129306
917103
294225
269728
489801
348803
101894
188058
362621
860747
526714
242874
630367
704779
860805
195605
279319
248913
715971
99645
266739
32723
775232
127855
987175
836456
752634
951341
383117
602079
851289
984820
951386
29654
236859
338654
485171
181352
327618
616658
89983
259871
934470
456545
938313
267818
372085
314213
141115
707828
778464
784674
663927
135931
713237
275280
191397
847156
109013
98164
426975
445090
294699
728495
325809
546399
830458
736762
910320
496014
541644
603183
462152
145385
430391
570056
264283
479863
110710
896190
566877
4895
353784
312230
844345
225412
58208
305684
614133
517834
54210
711885
405585
16910
206189
277085
846174
465576
154568
670800
109356
28941
111926
337764
120785
904967
541299
530065
315850
804452
453571
484793
390213
479428
888975
602835
285647
988268
833258
434030
646085
161890
66197
530038
593969
220780
968614
738983
986125
957783
109126
188675
273321
695137
994638
144344
810979
23075
965549
691928
443306
386147
130129
51802
543294
985338
10254
486114
460877
370239
276322
644666
676184
995117
411562
671591
429906
973199
210111
43023
404558
180342
789250
453038
245892
706039
910227
842637
570270
728312
245673
59109
219773
79249
211947
528437
160894
777765
774750
562274
724242
421801
424414
547427
141919
667839
257600
776741
236616
773648
764342
276042
973484
861189
738930
815657
614228
769133
460879
723388
765281
35326
444916
948374
431471
183552
168631
574547
657077
419236
51150
114370
732043
476299
889296
97035
677314
441577
38312
822501
605607
231362
947129
508714
28546
152298
583625
192569
584977
869602
689385
636898
476032
681245
327697
580760
978131
387115
490170
86095
274547
205351
529251
571342
898756
160109
324544
675763
858561
510242
574307
114061
939672
49117
649505
609665
342195
252639
541771
240014
145440
134001
579415
694840
727903
456638
543956
98334
183582
416079
375693
940910
606647
610007
858418
21847
388274
734832
84031
39392
47321
965870
446611
951934
656042
964064
747169
547875
319520
300663
315193
831151
9894
275971
997202
85350
71255
431007
317422
506724
16479
891504
988622
482728
592023
250151
414949
278857
140310
271518
571806
626448
831664
908878
124386
474880
549705
145582
326347
683354
916739
36319
858417
333553
851060
123972
574624
501407
8707
572819
137782
43437
721192
893248
778237
243515
481937
870059
198346
995052
431944
156923
783390
730711
564675
202856
346550
178617
816867
550167
226054
546109
782339
732604
526901
187486
316743
731064
33703
682484
770067
264058
956754
471960
358857
730865
367648
404064
280238
845157
356490
328986
474338
431795
538468
37021
500721
373890
257305
610306
238578
733357
396774
603381
120878
896645
104160
284965
331617
566703
452502
569490
934922
209312
388072
801634
758573
421547
508168
492883
155995
705362
839729
662035
544600
461195
904993
20348
29362
154417
795574
738821
24515
618675
575534
515172
779440
240306
207806
649598
184167
290577
972431
572987
402887
239397
411370
933318
378766
375087
600099
823355
328775
177961
683860
866130
152808
436844
314697
708157
506925
171606
838340
500804
816916
723621
777394
378046
56751
420335
574486
917204
898795
608474
446957
454689
211500
509506
79981
730829
578698
785879
279917
169188
926587
250018
422031
622268
744189
211505
870004
306047
185738
280280
597897
22492
354676
342677
103333
457222
734941
48038
723736
117219
393075
710174
531728
322248
701783
591889
732633
18167
800143
231945
573868
178138
316482
750317
125543
289805
436452
965398
342351
186674
741011
40357
772998
17333
297593
187360
364553
906934
833978
468481
500735
254876
920163
789383
716093
237312
531460
963066
209057
2515
159213
981001
117973
24018
407798
950830
573553
826531
292283
204640
361919
741952
895382
838836
953918
859381
710774
983294
23181
979083
588740
809229
997961
194173
296371
145686
796034
936871
35819
385576
569502
623028
948340
503543
944431
796988
428079
687719
51694
259525
626989
591720
298764
598541
641112
156299
781422
832474
709199
524317
949379
220170
148761
798614
355768
341617
413893
368542
288502
167883
436247
684248
818152
325402
548419
692976
334432
132128
671632
501874
279592
206793
851306
108010
335357
696609
559945
477959
359632
55185
762439
683624
494861
156501
500618
853534
941850
630755
538682
103304
287166
135177
396407
417006
130453
762213
251100
292763
237382
576282
720756
298970
967296
949686
349355
48294
230534
731885
740612
349230
422810
581566
159525
881933
382817
967684
112986
936781
409630
307478
893494
899271
259553
562648
426080
940217
84342
919056
491244
30615
756526
193202
639615
29070
500609
556097
891761
347345
274846
460980
794005
75829
756043
177669
133986
512688
914241
648400
804342
683906
135540
16115
26081
639775
285614
867716
632660
368547
395387
166449
989530
959707
200979
906951
640775
885747
255327
554446
83927
738520
937319
370002
465994
568415
369830
273840
149031
824294
990668
158460
333325
299609
535215
686305
462538
54293
237679
949086
320305
929374
655833
737527
305220
506923
204168
83609
724395
524749
40389
658439
349458
244392
703617
206445
347914
831752
928583
592807
842893
759375
453316
61142
211763
723666
758595
720645
145816
812598
401828
87772
936744
211710
577548
131516
299082
728142
408676
851241
790073
802180
169924
42612
948751
499413
605618
874361
184695
598406
933030
953545
134330
251076
238632
149802
240337
566381
263927
983127
159382
700931
40668
461415
867743
809671
238882
942984
6464
270544
217491
658161
721348
532228
664212
668656
532736
404607
942388
192814
280655
606977
156523
750914
988277
476386
850248
562783
266921
313575
770677
88354
236038
380218
397508
771872
579226
860469
835431
616880
420529
541951
111667
569469
942861
764413
79546
162520
731769
614296
692566
17614
502953
24856
835256
611090
341662
566493
647342
886586
667566
301102
91348
491534
551898
226303
641951
486098
607048
976935
434706
629348
685647
587206
34384
801872
950172
80375
467008
742303
279693
354852
118155
226332
382689
515520
112385
722772
689369
274180
449403
747335
50145
958901
342204
879258
305522
752225
256888
190295
894430
74580
234706
594324
200939
171570
341422
996784
312229
410183
960139
696918
173044
75493
59719
66602
813665
450348
236062
344170
830368
98238
957406
390519
680651
824572
32899
361062
582200
112516
366894
557354
977050
593183
826402
795921
133979
571167
818034
731713
646497
868184
491529
915542
365415
431091
422984
367690
848806
764982
11362
985773
273991
364922
491392
749017
132156
826492
535016
961760
3400
189542
508034
427576
515786
612906
960123
646582
844654
570440
262230
769921
66744
108382
138301
967848
496986
97029
356847
115365
94232
960208
6130
768902
806370
766430
544448
499400
656420
336455
429506
914575
661368
761861
339080
502665
677117
364949
315853
571026
719179
166660
134463
548373
603480
699343
596509
235018
159196
916082
622794
890030
200984
747372
10725
460043
717033
856422
653108
606519
778164
491846
233040
255032
838884
254627
794124
153019
861182
636730
777429
815970
914265
481448
773731
403962
97055
18636
284442
591533
194582
877324
655719
668150
954415
838330
251677
680958
185647
2561
84142
856373
611993
287348
3263
215649
14177
572012
176607
838283
277496
571599
710649
685632
511453
379340
680068
38015
63410
166805
574829
137749
531769
427078
816152
486953
461231
379925
859243
794580
328931
296089
837767
877256
401976
936179
322954
921398
650993
511668
694745
641201
868317
363081
745285
703020
581590
293376
363462
719089
32490
400868
655954
483254
55619
611885
333894
472416
934186
532996
88875
966693
407710
918439
467254
149189
783887
857
163097
885954
273822
261217
938370
414737
79673
343654
561000
196994
659474
757727
259161
724034
859307
587356
521679
81003
12533
553516
443058
730529
574442
695921
796592
903385
694140
464869
214947
501629
270094
793499
124850
808719
328279
476773
797174
42481
980049
968053
177176
815116
128649
147344
209395
517350
507663
174872
590370
112237
450913
756004
208512
601844
51576
872691
668260
764287
499079
725134
964682
599462
457114
545658
560431
172635
326645
443495
320355
312342
226719
191111
246644
462280
16355
124649
11505
168816
806527
186189
452727
422183
196778
744717
543735
779302
81250
685510
702775
751594
859615
421191
510623
917278
455816
847674
72898
142772
778557
818171
17675
903509
379750
740124
853326
165120
698641
293253
532472
509408
679071
729881
248530
6534
864534
537455
920078
789344
600531
531932
449153
874868
386760
401925
642493
701925
44284
857576
894849
265700
406862
453832
101923
986709
63644
781758
313771
362205
15626
558696
889857
525492
344361
531474
172279
548712
402910
447580
267421
336300
40876
386528
497530
391614
773285
794918
547215
423345
43338
779501
646012
469638
148625
806403
172782
937731
476656
483477
482615
120010
296923
696236
199147
491304
991700
984141
607747
507907
676034
719184
566256
10063
198763
747082
724064
423651
461723
615243
26962
213693
414707
111651
969758
865396
441290
423375
842105
664247
747750
969504
61929
774669
797213
625655
387504
339703
427637
218923
391442
257910
579681
494277
631154
857041
203985
225319
789747
249251
972527
331287
33615
794730
581859
163780
548509
848080
293999
14521
800592
45900
641221
171320
414489
499511
41982
893101
573925
771214
195622
694478
704967
776709
192670
612012
585657
314394
85598
282169
393117
771069
392376
887616
19615
393513
473492
344209
998056
999597
644071
604629
825885
987678
108977
72688
380940
298381
583410
859962
515804
601349
668323
806368
96294
386884
463415
739946
528563
7544
435528
607555
776884
659848
522648
684855
605237
146347
789677
716381
140782
291928
498632
268280
232052
586579
190464
849208
600875
924730
666416
98773
621902
846206
612599
15870
129937
46768
931637
337322
891626
910981
669831
644715
988456
673907
188043
16617
62261
491031
990654
324934
157793
91186
361402
946649
260494
911539
760262
402408
837816
226501
304861
496146
31724
46355
727126
998326
166041
692405
985231
950392
988656
372333
387606
759057
394377
654413
205360
463446
114050
47383
508294
791317
119955
462461
444644
846338
912247
896657
623325
788362
808100
416785
267907
562742
261302
328998
652684
311016
768366
130271
152288
339761
256032
499730
327576
551546
948663
696431
512439
743807
552038
486043
680208
678933
397835
275435
166260
920241
721697
847693
457885
40838
13673
770265
476532
450271
915380
708422
955095
80570
241186
980795
928273
939776
684611
412446
422311
816615
715055
995755
957252
522096
168619
885558
906517
127811
450552
610791
432050
930445
971694
61849
106012
888987
78795
245439
310200
175512
966015
124717
580823
209906
795090
172644
638363
149930
943058
854815
450119
644618
143170
871525
247150
673683
506448
77753
529277
258814
493529
967391
203127
593152
850081
60834
711823
869548
90642
532622
323691
551386
97573
720790
285223
604702
841691
487806
834937
958314
692564
673444
784583
168807
598558
464617
558273
506995
924143
481378
934560
847371
545159
770245
848483
305642
47624
937206
207358
333598
443820
27736
874079
325039
618141
857654
533456
919395
917239
657437
730220
397085
592989
657686
741767
456838
646675
611823
305107
442618
478397
924037
377192
766751
352368
679257
782718
955266
297347
313998
646101
847825
688786
231868
157881
22969
437334
367994
374049
322720
735142
508506
164094
329974
500397
243418
25062
46821
590746
395806
570204
649439
122495
952399
28145
700855
695092
198748
888923
310459
355277
417625
884168
490335
884171
76629
158343
3180
610523
548024
785120
782769
867395
661207
607052
71825
356004
580077
767704
627881
763554
870840
694060
137813
721236
130693
744590
626554
569653
87774
226711
493802
922595
764070
109143
540992
953014
675275
2901
214369
949457
387619
993257
371591
554911
277160
698320
340165
266529
460997
672936
365274
73115
464329
525138
809769
382262
827479
62601
565545
751053
71206
525422
37102
9189
958355
716574
66286
542897
999619
230782
162140
199293
538726
265048
89317
146761
358397
819124
38797
275958
617013
751837
370013
302277
554107
830061
966237
603795
990704
912520
105745
234159
351608
962466
18508
238617
107290
34125
898732
889992
982725
470778
582256
282040
522063
671279
707820
668322
97115
201122
373438
328703
873356
158795
813036
662212
721522
363953
771319
738780
411038
556972
192216
53804
421888
726834
781658
594478
345505
393384
510805
187011
547379
29156
320915
106403
672095
323773
133902
18325
776225
69990
799380
924179
669820
624651
183907
99822
180301
100936
173576
275430
973493
251543
687620
983796
678729
867758
736857
108184
974763
49326
283403
955061
60344
887747
922063
444028
320290
584899
792019
294817
720677
324162
301181
962777
444222
987483
194043
859049
881189
124790
784361
434180
397319
128111
202207
614823
336809
928535
744284
988141
716552
447434
668837
919409
712395
612169
421737
372170
716664
749728
526529
750021
799562
248728
504392
283253
379130
321060
824471
796088
792381
679762
213174
581052
964184
800833
693328
311277
143793
865501
579238
690336
577965
338477
748362
889149
324136
670225
849434
782746
189593
700850
523479
874114
979002
764488
119310
391513
11885
160946
18124
948513
855726
881532
360051
957419
734639
194788
334489
546973
396113
752159
979404
430332
830849
240940
684232
140780
77596
660446
936521
457814
43921
35847
751919
107896
425817
712161
216773
880813
207892
328260
516661
858306
118718
588344
164984
226177
752856
97280
153932
119781
755528
768474
774159
636668
604252
751117
566286
805686
673612
950792
531666
211441
697344
167420
424743
684377
661974
671755
835969
43363
997204
851090
341820
148788
542263
932278
314373
334325
739655
931788
942740
745163
366459
975313
595905
845662
590133
200851
153071
761522
414985
227511
223309
597995
555069
896171
979075
99270
269819
817086
424293
173330
774376
483575
421305
855462
984232
10693
404509
191955
773804
254588
932488
528614
774116
374049
673435
537626
362368
162942
7489
527515
715425
454159
669158
686822
122762
956049
