328026
362837
329555
719023
690782
870513
577280
391728
532660
310449
283308
288766
793866
329719
549406
386956
452532
805908
400562
11265
379229
133819
786860
50353
580666
373453
721388
50948
718072
861421
930000
441698
918430
688419
896894
416000
162459
724459
456755
689056
483948
272800
544156
305026
980354
610122
501733
414617
172843
547435
561158
870985
600929
161796
39096
142650
57154
207401
181179
346774
502963
635633
890783
735975
228784
622568
199412
188726
77766
520317
878094
759929
720590
981822
114136
137482
802993
939836
447368
556556
871236
197369
890617
870081
974779
672541
269412
726807
739175
164601
677968
222809
63074
214503
637541
664833
816667
833357
87501
801220
478650
691152
970534
765976
346455
688038
575718
161954
170137
578415
364508
938856
1754
656851
65868
650352
5603
133034
931651
92005
554479
174600
189079
408547
335547
151480
613965
336773
427096
108748
429405
30635
482818
177864
266593
750769
700306
525116
16693
834667
159872
563457
68016
679904
231709
817411
626980
745653
974874
843908
733353
722129
29923
553893
822228
339392
255577
744992
582177
732251
924071
504821
689499
683894
393513
753684
243719
414759
870365
705944
324263
233296
790921
598577
670021
330367
945499
86147
643332
178609
278991
172151
171551
432031
190802
141446
510013
340280
568337
397122
389973
567484
991657
372900
307345
899477
891310
290070
479235
737864
603398
722613
904926
8169
500581
7780
278804
285812
767949
39809
430569
592477
99603
975206
931848
601443
104696
688131
380184
469457
597926
288684
226346
380901
104600
765596
377536
234364
807958
464015
918554
949714
108333
50302
330134
243626
829686
256249
435959
671996
607194
707788
818321
418173
905960
716482
650779
6556
569855
71
301693
522423
473352
870710
865290
342260
268462
721740
130310
36138
982238
406759
756680
347551
254412
855075
407736
729533
814611
537528
791841
202805
717084
984009
468728
576448
289288
772267
541451
749242
448120
335883
106527
696018
311548
672343
397890
284412
29303
930243
712964
600239
697864
793907
432989
461792
663873
205579
179198
142956
586295
927119
519291
510853
279124
667740
745722
215225
629209
430052
382462
783951
142369
557836
987323
412674
857417
925134
952684
457731
252879
272840
772026
612382
203413
876955
239294
69238
199162
288654
342611
639983
676310
602485
965646
450731
3945
633291
635109
982088
92180
78255
370112
542241
718491
536904
570758
804820
80905
503746
904317
507193
173385
745760
336227
376123
814278
956216
41185
553945
344681
128842
601473
357712
529944
629454
43027
874920
252308
628637
215420
331934
461966
87362
333878
154987
171902
311741
166730
359447
231114
683064
70466
172112
211718
260290
500248
325584
96663
795166
612659
115755
983058
311809
439259
326390
726331
815037
856910
382355
175636
202932
179551
369771
302153
882457
815188
772229
338585
501544
693315
222820
847436
211715
397055
208538
63279
822248
409243
323340
633604
476179
84022
326473
65957
211671
819765
291710
405603
126643
72977
539647
376077
262943
907181
728684
950679
707180
509463
480685
950658
472839
777502
665357
227726
201988
631747
34302
555302
590366
44150
243452
873022
197680
3081
533709
679417
222220
313241
947259
403075
177711
522250
74964
586103
758374
587969
982949
846405
579071
571448
318919
336483
760163
531714
206657
853501
336163
485714
596725
773716
313574
307782
339664
557806
512703
509608
612375
3720
492072
148298
77133
590464
279736
544504
544560
867636
996116
895537
96303
687714
936331
283820
890164
265301
240654
506111
900689
272177
889250
783696
962982
959537
647192
911699
898754
237929
508849
123096
563831
667792
663700
689603
108696
924136
560713
569967
971971
830706
83385
712231
405379
923145
475992
589081
72801
436394
562548
316672
281133
936328
68127
102338
133117
674794
848033
563857
679042
364596
429656
643786
462702
998135
116393
841349
575507
700386
649980
439290
959857
371641
999775
404664
638285
74050
683483
984727
328497
112786
327588
449057
466880
499984
167092
396801
575722
737982
348404
957045
634049
466421
237377
666982
251331
662289
213110
876510
990391
517748
429469
961809
774510
430788
798221
150042
468351
389294
553609
281706
107994
399470
527326
738251
927688
71958
39813
115667
986266
429050
709017
58099
421323
907636
617155
210642
881909
206828
51239
191878
628678
446339
351362
212085
903010
269765
434858
813269
103022
331975
2937
726145
854560
666170
733344
23992
409993
926200
387692
304119
768082
463919
450812
197899
196408
728331
922614
956259
306247
989885
217273
488879
721590
904229
822160
64722
583043
768245
727795
874831
407913
398181
473585
984376
105094
614629
541375
481979
522878
169191
364630
195397
736013
238531
265674
462145
191983
66728
562854
603012
813208
8208
45381
880167
559789
740850
153146
467471
805371
240270
944792
909471
66024
767778
228419
491225
188886
490435
769331
130859
484196
864359
998201
790544
542710
842427
106069
882918
582144
663481
330843
835207
213799
118750
879891
422009
7077
27427
577266
952612
288961
270098
519840
115630
272099
287232
837654
661592
24033
939374
909241
14995
526850
113531
927231
926430
327589
341862
653576
931018
131852
948012
173234
402993
373914
154788
841677
572443
924257
54450
832411
886617
928769
67579
398655
395684
462153
284450
356865
465314
511513
8313
333086
563020
465233
595418
955784
332056
88445
832445
666332
809087
131535
206877
901567
816364
594738
436572
598454
75218
3145
36166
811103
958100
216182
843063
513069
486955
578152
715671
696403
865302
26920
790617
752553
622169
921818
61129
923553
173139
275717
761317
705380
45511
116842
334161
344894
152444
340803
176506
638979
769519
510746
22116
776593
404038
132113
701841
884338
643502
367844
144373
682214
618967
509840
216099
432683
668392
713907
286711
392659
584984
109420
18850
739924
889103
873557
663907
443801
476042
815701
278867
551157
825472
443575
515689
645361
474283
12757
558118
855344
368696
219755
52217
308067
942918
650902
485494
659434
692247
900541
982731
650854
693625
118717
299891
131493
4570
227670
384576
785837
373502
885458
34043
804053
905426
592148
299719
836022
634351
887996
568510
951713
698577
33334
982021
679191
540953
676472
649475
961147
260579
989554
160884
531135
625262
404163
234523
497004
968757
120602
35535
82357
99828
849558
207310
533813
751021
15614
969105
184643
6490
792469
585080
871836
535990
624256
12770
147314
495318
231011
832190
583917
253975
804800
457625
547755
3969
122600
788369
950739
67677
469588
585581
86760
839086
559627
22143
833489
696040
426558
670469
426460
549035
549291
127904
105795
535505
164887
66651
137105
521260
857081
599333
720872
780004
513518
914848
848652
437687
694699
432419
225224
894317
313214
593494
454140
578097
385769
538049
46770
605030
985949
548836
744007
474040
526435
377167
683193
39114
159894
548118
164035
84854
573017
970754
995359
762236
313873
717581
484276
492498
235176
582395
171017
247231
742110
950620
42342
93402
530567
922939
565619
737720
8250
401358
881645
403189
865759
684787
549903
562711
457023
815000
543630
884108
48248
577589
698032
705043
282631
388721
492822
655178
705649
807640
135399
829909
114807
705485
154428
551516
190730
120027
631819
39210
76684
38057
326503
761999
684707
105576
73701
333359
793025
981624
292136
193362
876278
463926
277854
134182
883012
940800
301876
784036
290156
309545
719972
250932
58735
470448
222538
222456
66402
409264
642425
355942
68654
849608
55822
912288
750646
447930
178830
377326
374742
553981
718596
570953
445320
33007
586995
213157
632684
484774
946462
548031
493334
169503
417167
824903
756396
910370
433171
806556
718128
363301
459116
77457
591319
82148
350710
522939
127876
344048
609449
658918
995350
396922
208323
430171
906593
637953
379648
35366
431921
795858
603494
354167
461247
866396
625653
674165
16676
813332
793861
874559
271472
697981
221460
703927
327331
319117
176291
678939
297286
839686
822004
770076
185752
533379
697784
973495
740262
317022
564739
92026
51912
336376
942639
263178
24876
563612
544657
631295
631324
243369
141271
920994
969293
517366
164087
839476
790723
670134
628279
228697
248670
3441
6494
670769
901140
275619
340892
990107
419053
173408
712554
415877
283230
235654
793585
393487
966260
665595
447182
442382
516585
275244
590677
530834
71682
453296
937758
111276
992954
166899
945939
869646
45702
55562
736651
980160
242696
188541
866704
16688
669505
899555
315263
900678
244461
726939
629708
313448
7300
143926
832147
771087
139986
811252
926876
159428
603546
199472
934351
514423
519113
866132
591470
472128
363559
516300
749023
318554
714466
384983
128520
361501
830894
946016
301362
296469
350975
541351
368161
921870
21210
132933
955414
503482
732283
980054
436488
25727
449858
940081
115748
682603
514279
159536
895783
141559
499210
873783
350961
200134
515377
653079
344396
491746
811800
834835
304005
380627
443872
758864
986349
316820
966634
294833
239735
853672
784559
617539
681670
618778
298555
172944
846629
584530
80031
790799
770692
518870
354354
271426
957519
976466
366421
915639
529054
284203
144345
117467
183259
804697
579069
616324
454830
152716
44414
454410
63603
770198
330483
329728
715230
317511
931097
427196
231171
146170
581125
79620
987508
819239
891017
714868
257252
330797
372985
521561
617209
639152
636069
477221
302253
117004
976554
772487
486606
985684
577013
3216
429000
143220
513724
637692
237157
623798
360683
375504
453657
298744
362318
852773
522040
109095
559809
298446
506925
823128
422348
869271
778296
957580
119483
476243
57239
461050
629786
530104
602834
107217
110599
573310
8066
312480
940517
704522
192551
508798
318118
840806
622988
952514
375350
582197
466005
321410
200826
951197
455131
986070
616325
862204
422598
981663
799258
447021
161560
449688
75262
515022
14930
366097
239779
480526
68663
376053
317396
144311
310957
372583
585342
197592
621104
396354
216091
230120
4837
509270
917224
202389
394807
471479
239070
696307
398796
498533
697084
28434
183518
715081
822231
312327
823090
478611
654996
437270
778848
799871
874066
413180
87110
117043
676613
667705
455303
623088
71828
301214
961911
837723
421434
466585
844663
747879
760040
479576
882907
407323
694184
846314
838158
634440
942571
559509
31212
327041
912580
34852
390256
828035
71450
282329
703087
832075
367344
10684
614483
80628
78724
601781
409169
813917
354046
348246
359518
848656
372111
183625
458642
649499
671474
838560
532947
731543
320820
996672
878226
746440
427450
495348
800384
193901
94879
893124
391859
595052
570600
108632
929270
348884
589423
205967
844150
255508
75337
465848
969533
671041
564845
427286
889162
502466
247392
724766
667372
254037
64358
973758
985828
299683
188479
192992
993785
631953
632447
894209
742257
883573
61250
945615
436067
242447
850818
129014
433430
497364
429469
295550
748363
325874
232926
592240
80245
736461
613378
120392
186430
426519
573756
914815
822623
540809
696513
445098
862165
690457
438510
160655
445338
101494
547773
481595
745007
839074
591969
207540
822468
336535
981329
534376
10206
38144
819743
770680
734857
134726
967006
795456
888035
879402
773272
239293
984674
266631
625047
72520
903390
344896
182360
595138
982157
718241
591725
920895
411803
933933
22182
686844
11855
215512
226037
482941
635762
98314
996129
45003
199131
876957
42778
577769
984331
753558
1506
240367
792453
256642
703553
229635
299399
912178
82036
511145
752957
521405
874856
875189
813516
419641
739244
15256
799975
143770
271104
947702
27098
364430
374261
599538
999747
286043
240574
400691
416902
980742
62215
420299
704207
1191
323470
3862
873016
765642
823304
98221
147744
482614
313889
921034
28223
92083
47809
345503
292063
857584
491247
162739
191417
815002
756714
164297
572728
438082
851757
995423
425897
239803
935276
782824
45718
917943
366849
284709
423680
350829
263787
469233
58291
736694
522952
51919
218592
382008
187948
243119
975682
718135
655860
231073
453736
652678
420670
290767
683633
135675
882930
727831
873060
88672
647815
582570
556483
556626
757649
402359
942071
2042
422256
789680
331532
174106
123666
524861
19363
512406
973849
101878
862594
847890
29146
585511
298470
458692
937287
959729
39159
744506
977357
79796
818664
772130
805487
31510
252288
292050
235698
35774
203648
59688
253072
989021
664369
146659
402895
601517
428737
581674
342678
766262
197045
5266
942897
969022
839922
898090
26218
21101
590153
393201
934035
275105
852350
205358
283908
462446
104197
5414
853301
890344
241092
788397
705788
554045
439883
786519
818140
683841
703672
72552
313592
860958
230450
697578
341938
434645
421675
475750
945292
965829
26025
36471
324426
549862
677876
633275
580256
449522
33942
253893
694513
645057
195654
595927
569906
904267
4957
438484
850604
344263
759078
286849
856909
327389
562496
32266
802221
864933
844898
843167
915349
529791
960571
881532
706837
567436
451772
465644
325010
385768
725722
428505
317062
669208
47410
52846
604791
849354
889295
705551
705902
750402
570929
205945
173438
667275
548632
806399
521582
510918
725554
156036
80232
629744
309200
677807
938471
477944
375897
787971
453867
17678
754407
400258
416929
8633
724424
212997
454737
628585
465855
607755
362431
984309
83275
277079
883963
393224
273988
334469
783145
50618
480511
982600
501935
131301
357568
369916
85118
122257
43907
48183
539795
436818
530147
154581
215587
141475
90814
734746
849199
32342
552688
354302
467402
756247
119159
625416
628879
186354
593680
514458
391394
667067
442567
262789
690904
948932
21617
613935
428513
880541
41627
419079
785253
28461
559394
914035
69896
3489
313725
303008
588170
105634
456180
228966
580516
12994
795443
191890
577992
260952
739534
632194
580889
645883
604374
818144
171502
978007
799025
656949
71346
665333
301327
336575
174569
877263
522317
249309
804652
782866
109213
852057
812722
933644
955699
88784
265306
940683
941541
296838
350470
436154
993212
403978
897649
992360
491274
912507
582619
358859
912056
79876
639932
559141
709911
713720
286467
129961
666641
678485
267792
984598
367027
89114
60698
9319
729657
976022
528135
862168
22058
129409
844952
414669
925744
757505
553185
568099
663034
363509
813453
572889
141820
903580
584529
596582
471007
330498
266753
815105
17873
254604
608257
264372
654303
818722
607566
682983
722966
343427
104841
528932
63329
662755
479812
768518
703464
851053
751186
247164
344498
704830
674432
870694
853936
558260
577323
191046
720961
899410
461162
619825
905950
641492
776514
531991
98166
567896
592423
193984
955911
392755
95054
307511
83876
495006
343581
131823
960362
830966
486874
591773
685134
899239
603300
532228
715610
216122
508062
705894
898745
306839
208353
123624
308286
177884
747725
824329
147230
12055
429163
784372
274420
26588
444150
760461
528761
116020
755524
100612
736827
827408
319001
547519
147492
102424
906365
459002
604103
987334
577347
670190
369764
530191
293068
989202
509226
429822
967586
447821
712012
701741
2789
394606
541750
913425
772880
121853
207847
99923
736373
339664
984810
688403
614513
658120
524575
977593
34886
598300
206625
479257
987584
138954
803572
730828
559440
610320
575905
731330
520806
890480
184252
590115
150896
441301
771571
166058
54642
167295
237974
723422
889218
396378
139387
952156
765859
299705
86100
60864
396638
699443
811618
218966
731583
697960
805497
22765
184466
716684
150518
213382
522258
3442
835130
861231
930301
176993
702460
133230
640414
978494
489026
509906
190555
721684
256726
557657
880970
434628
353684
677431
202614
902072
791456
439044
978825
613057
302165
417171
111626
435866
58989
821140
230777
952051
92405
559099
168828
131944
313801
804570
131345
102340
33920
199323
191483
397972
218466
793558
445885
384813
4922
908517
848895
656466
276546
726659
559377
624019
180942
442626
144666
312256
236054
819478
385611
436470
196443
517521
802259
137976
783091
328815
598999
604527
102489
643840
129068
74066
502499
985344
460033
124634
406377
109097
333672
475896
520840
35927
45462
882934
683266
941183
201538
783045
466746
286790
265543
681821
735167
90716
496427
434341
384651
145307
653257
517704
39280
129288
447854
607215
20158
420776
544176
593318
275478
476422
209425
21003
458748
563552
930695
537120
51901
540192
228485
611238
444285
97072
970652
697861
557901
184722
54479
355609
829746
228778
857875
184156
765249
622380
231537
912129
519813
13617
521006
526891
971321
169299
570260
16209
953457
987746
406965
456570
932089
299920
274300
775701
644377
890292
426742
308188
568124
89577
109289
101604
548109
947411
993697
993016
243375
443720
44792
517035
56870
205638
968395
309645
914375
478177
574396
498165
236665
570434
238978
605933
26609
36941
224721
318234
515920
531038
612421
448977
895138
612288
601024
89359
410872
34181
669528
12014
448166
866585
685253
326771
30182
606914
245311
345141
635099
545993
1818
896222
39711
622740
236454
561023
504742
823313
697004
647683
488111
555449
508842
237247
944629
10573
539873
387107
394901
171488
780658
13747
339083
141493
345659
92912
284860
874388
490375
446743
951464
139818
347077
444939
916113
833748
823987
669861
665147
161539
594631
801073
293968
106424
272092
308659
828144
227393
553927
730305
688545
689053
315044
396490
337863
446551
686146
90918
781493
328726
93092
747682
775376
973267
947251
428620
255522
962556
208547
358246
352635
335300
822190
161787
110246
857116
128247
924850
671470
926258
722219
619683
738779
875118
7155
499530
809752
263583
316698
504327
331776
809449
137722
630652
48012
79705
645065
757880
489068
393600
644659
79862
628858
435979
660405
134758
13774
422706
491073
350293
301922
827319
192919
1332
739765
400902
339459
813042
48642
680042
189762
15966
900542
268348
319817
176939
304060
736223
487158
378252
986120
55262
297213
410908
196897
564959
301322
278707
254186
760456
802393
998688
814533
844236
86681
28817
62810
358362
391581
582481
266115
116701
403006
106203
974198
601180
835413
635077
364862
438403
957514
10810
142454
201766
201957
789269
79760
711707
43649
395407
843063
58047
595106
848887
517157
521835
185155
407327
127740
411219
37110
307522
84394
981124
912243
558226
495573
217642
742875
409038
660469
425860
246052
724834
159824
558346
823624
398211
52788
807639
648262
75976
959482
610197
278857
630351
754467
274539
904647
819847
215667
559271
988058
635518
33201
746926
654509
670354
865171
849632
297401
65956
680597
258565
52360
842509
16938
329701
711725
694611
329961
455760
353855
204205
671973
183557
148373
278134
110876
925583
54941
935373
723177
15990
186989
149496
550517
958800
581298
675375
508821
97788
758182
863373
54493
943955
424596
675639
131842
571730
754003
81715
4116
836096
52752
916914
476872
369893
114450
157404
492346
47012
883273
499150
357913
699392
46786
550682
987254
663341
101947
866926
511751
216308
168216
296029
759704
114814
133544
594415
215712
426547
527533
226431
741070
286897
126878
521342
153097
427547
657595
557488
587117
600457
903463
4946
775572
836200
38091
735561
115828
765638
437186
932892
819047
636050
606782
162174
959758
757948
81822
928192
818050
720778
247483
521153
227648
61626
443883
869568
433315
111179
504327
955457
205335
378696
10204
449349
158299
179277
124393
267459
642642
811660
382839
995847
502539
725918
414566
649413
970741
993629
248246
198316
63286
427139
813533
190111
873616
761731
13418
689963
991525
989790
526133
549232
997589
747990
378508
668108
234497
338346
544771
742668
224476
696408
983685
860513
594076
292526
891447
940084
856792
405826
667360
182969
78789
489299
453950
540257
267525
945193
803579
375667
247038
753029
361082
560232
52353
191210
648303
754496
240041
723990
444295
551096
488776
797866
617469
968269
985222
318142
966936
836167
154497
423223
944107
314048
614278
510015
467312
856685
886458
410862
217492
730112
484876
5776
258091
805547
872336
151734
894195
59706
320892
604937
852088
531444
557860
36713
989076
558669
893343
436913
343277
903724
226188
251003
803668
906086
352649
802560
561901
442574
559679
658567
730069
169558
792566
51014
643853
39639
229736
678135
880377
275279
877122
778617
507038
20926
577020
361840
534858
538014
394113
649379
611195
636866
742158
853430
176453
717187
412200
305422
292739
303667
186201
25013
184909
882676
313345
160973
912416
565585
400404
369643
100701
97563
348349
355009
31164
799508
746538
161622
737115
554936
520422
775258
838308
141263
791767
487201
318251
342004
540262
860291
96292
977286
206243
995455
251364
447155
315770
836563
937423
615839
276906
122395
103903
974206
940570
153768
950653
428686
357605
100996
848740
783022
427688
144517
130193
837170
123471
285586
465529
936746
498248
353324
422819
5868
326609
191157
541753
403335
579736
555083
807002
2537
860503
176458
603985
432676
794406
214629
64531
484794
332145
884302
528011
910475
125576
26722
664107
681994
13743
393341
525896
776215
138088
219693
466390
555037
999965
532631
888738
284885
598899
506215
281320
537322
632027
963642
875755
490812
94753
921094
661011
186838
766547
443915
883543
836792
276126
298677
695364
412392
264909
152412
303719
142872
670093
811412
992546
676213
158021
78655
282853
606499
99504
816298
472788
720706
301671
256087
935519
649411
621836
237404
81484
918871
979305
54654
429402
576486
558286
850333
36374
305897
831887
838416
760892
47941
622204
128448
763628
713743
698626
41074
970196
308633
375623
760882
248922
200969
437678
115636
6932
966844
243669
558787
132170
146888
562559
873975
450361
869830
98849
228984
508329
962074
577833
447898
812773
284537
990667
413109
61752
356567
226762
475386
210264
159263
940794
465562
857863
502575
473941
143988
772009
715698
849931
674989
843431
230262
937547
407941
277331
643
469797
21746
865550
603214
658692
36380
159261
312831
82096
107722
809451
834420
549451
147099
193959
612686
996070
595102
276554
524132
596509
533631
907283
121461
227231
347090
76728
627707
913963
402983
972931
321094
752058
476314
692494
394552
36658
107182
651040
477239
546956
675580
787960
758554
424561
73881
621740
625343
214476
530827
781567
305878
8999
419556
405128
683226
375797
997594
479248
997769
753216
663425
927226
983548
165655
860001
773410
284019
622535
551028
690979
55654
104444
785179
453170
107003
63524
243485
441937
928680
341867
536304
242593
566696
76911
31756
180233
576432
767557
13807
286176
693853
235606
294812
863614
379438
766277
57060
434656
861528
547014
636437
170685
640693
458783
357737
849233
854373
887959
7456
249215
259031
114193
411307
638588
510669
850854
148501
461235
637639
45639
164493
470629
153784
231391
872998
754872
785170
708245
904281
359671
737786
60844
550883
442212
352994
906916
977985
119818
746164
40201
650617
843203
44543
991177
134057
296569
403153
468676
350398
467509
431326
665263
629809
741246
683890
275775
39031
149364
715058
573888
764883
376602
942642
563916
992753
824925
386526
137606
168250
117032
717624
147732
636343
447273
49129
206390
991743
353072
416395
936499
575231
871109
898729
976053
144529
887434
137621
647793
19814
407391
481294
269330
840668
718590
842962
263258
314072
147531
385947
721951
25814
607993
457134
841526
27609
87475
473444
633740
699333
938266
244672
788664
473583
543872
88708
245746
754540
972267
988705
453109
574540
347712
460941
986671
722475
256709
80040
959922
714018
825248
155977
795297
723554
579059
614124
528295
583825
631633
12906
970360
6655
582717
988966
126577
65238
89671
470637
125312
686627
873046
298826
210708
866923
804215
569967
732591
678902
205567
26535
464794
983213
972148
202817
430555
373862
137715
151522
916643
33445
988590
372735
735910
293767
346821
811169
536466
196364
661835
329340
55478
831530
669513
79836
443514
763197
592740
444303
923344
183316
801551
262944
143298
298802
48644
607587
202937
755854
512115
342731
797124
22368
967617
740034
588280
654603
172878
857822
386042
297480
565712
742042
114658
340296
379721
550504
772893
55905
388067
827938
546168
179140
453747
573605
89012
570301
544139
731807
446084
405849
648280
913138
576212
238107
297977
712896
455698
968907
959833
953378
66
942199
146398
637368
808292
833897
543558
787785
17078
113460
11054
668040
387101
583428
867495
962226
426187
836240
194829
254897
699607
571138
904950
826160
64167
209752
308635
186540
985250
462442
860668
563006
214826
706760
461618
436359
299589
726141
153936
272635
793493
455500
625934
417110
825196
528711
640619
186955
241175
211582
236667
43719
848036
527030
346103
213811
16821
283708
768141
696485
807804
255481
302455
524919
811511
830335
239767
775525
581674
159857
435624
830342
124984
754011
347766
42171
693151
843137
832303
314974
642766
885916
193475
354143
451171
757179
131113
951808
931257
275209
384653
718746
119334
399583
229060
52235
328502
176115
623101
811934
91149
56368
971747
465399
549956
760242
760046
240981
704343
268877
4622
796623
451419
672444
700217
864648
765840
497199
502579
379208
595403
295627
466132
427076
78663
902647
66504
504372
752566
993190
196088
610321
263049
778236
677934
590904
236422
657394
842468
365285
946260
918829
236738
559065
17416
607741
861431
41952
959068
141548
871803
662571
891528
255548
240677
407218
521598
242249
910986
427970
588949
979194
798918
112240
527216
905296
124132
152491
599947
339093
808849
551091
940354
471588
611743
619468
667909
102297
644813
338675
12644
13705
501927
304659
353646
543641
337029
828212
491482
867257
439556
367345
810387
143741
626166
187240
246071
623970
704064
146796
925509
113647
355207
555984
768285
604709
676162
717733
282882
141842
809957
723034
819103
999619
288725
297665
978827
381296
925224
570710
86147
187733
43444
944481
185013
972641
110607
266073
93795
229859
152353
34446
493259
334076
817988
803466
764585
166242
372117
468742
500012
39453
872252
40566
969106
544449
139048
420973
792411
353057
17408
812344
121276
553109
684052
708544
483179
392898
92197
55937
376915
243619
909295
547591
708195
453933
742464
134330
275717
584557
942138
534143
48441
238441
601942
707883
730233
512575
446936
183447
667131
612825
428802
570108
110168
718655
971594
254928
63176
38482
772204
837745
796300
640117
833297
391956
733732
8903
361275
765065
985546
16441
306636
313663
711454
666015
558328
238464
717180
410899
167372
910259
896143
265846
898827
699781
59912
300211
966398
113843
335864
316894
952494
845429
150559
690871
760963
343432
129186
24176
483131
953290
307218
733487
414031
655957
418061
137738
159139
100468
753359
475421
987702
474236
19959
426486
872385
852379
583967
717222
202862
908421
608213
776503
59978
227278
480849
919765
414837
239192
991162
347614
291673
870224
341438
246751
63540
88982
963488
312753
785055
406587
423908
121099
96709
171750
407288
451775
441297
887633
831144
124033
436067
282358
805742
274666
456211
89297
157083
672054
158811
363347
98849
408689
554486
180180
901162
669704
700613
69907
858570
699797
419385
935927
820110
254989
51344
243131
89785
850744
945892
244511
731005
829484
611042
97095
573866
446635
532151
120607
405552
796639
101176
727123
563219
903208
742270
827101
102691
819456
685030
754554
808056
213992
322901
987920
975208
952669
241107
537617
350704
369539
736760
768755
55655
704769
554697
398513
258156
975237
88072
300874
777948
941639
45342
743577
480134
903813
558168
528114
23172
556264
531659
786366
317815
784424
243832
568268
491638
997942
450094
822832
567456
752310
596657
497464
797946
79592
890397
653180
263497
161338
498629
189765
61797
963224
788203
796838
87359
896273
377252
474125
924506
861322
623860
604911
930954
512492
663008
406916
859661
785821
16694
238795
808077
677895
322567
900696
366092
626592
675201
754112
292158
295096
163094
298444
132293
947751
266169
205889
925482
241544
96159
737443
543661
152829
899553
773915
592833
881052
574169
308060
967404
88791
90944
396462
681601
372271
967916
80111
94684
734057
259758
296073
960762
327981
740726
43087
245543
347162
48843
82867
502738
563623
892887
886434
949391
340347
9942
828828
644998
514331
299421
332184
302305
186362
489539
620800
942336
396797
244952
424640
572111
866915
870858
620408
296170
345589
671319
780440
273218
727676
680366
585903
963743
563170
396753
307207
465368
117426
450889
143917
948008
988627
839854
310128
343968
857893
648500
838388
348050
112228
587273
223185
284392
416007
416633
129403
610266
341227
480891
425400
378607
631758
368409
66495
262129
756926
768494
732330
159704
992525
166952
318896
633183
193790
261315
189190
648419
738704
173497
609552
272063
318522
372512
734355
75411
535645
14423
370178
253650
790291
372538
150633
634079
53369
520824
611406
337089
642900
190539
476577
400901
558205
128071
585084
983239
745485
615337
711252
123776
539465
487830
805035
569243
570422
805184
213226
923558
469444
741298
388108
748236
525414
602437
668219
79953
26494
629954
479093
793831
791342
267425
879714
980187
498604
378922
731092
941851
948234
895223
922950
997315
628870
78063
427191
195911
668812
959680
395138
534776
864443
107225
849785
798757
412400
141014
593332
724771
826961
4595
930677
587927
361501
836376
456300
300273
835197
60914
48049
752103
809239
527287
17859
973952
479590
837319
75715
83649
827873
483429
936522
252020
573502
750907
435499
683178
326940
119262
389946
986980
287528
849620
955429
213586
544153
688039
252539
130508
910836
906851
794350
223857
602993
897256
10725
86126
477505
6224
557902
767018
17999
460204
312756
781111
445983
858268
1258
522011
932110
560215
398579
78021
726267
193251
390804
895814
429927
697368
910145
428444
612071
708248
679939
130020
486660
411819
743717
735086
594224
211518
143440
265178
984511
933592
673058
233011
606708
803592
10336
926544
756644
895582
446061
826817
988209
161994
936992
286495
803396
864677
937252
727802
329747
255302
870128
231726
666249
595339
724718
423594
422879
102310
963733
717419
442142
590621
152398
982486
723206
513333
734354
525963
74000
767535
537341
445677
100294
103230
566008
164370
362956
766839
686348
592856
157892
249519
8939
432414
613560
721720
297637
680022
77206
83998
55749
272593
945308
105536
140460
843195
761234
52561
723893
873396
82191
615654
129318
737602
39581
55456
825312
638928
866493
918644
539241
639206
830882
689002
761983
560823
833916
481430
644767
673863
453901
649844
550415
732460
934158
643737
7614
59169
728582
934082
48634
230852
884415
549026
486709
244995
114752
66191
535960
358195
702818
544315
799059
620975
898881
226389
378868
282882
684676
183678
121160
22648
358263
810199
505522
448928
456409
25877
787940
612706
907161
650203
807034
733071
770451
3503
619943
839780
460893
857531
385282
220441
388893
259180
789279
84400
641573
999449
775138
642517
744525
993751
421043
290264
993119
119396
883183
975213
64956
52102
319265
348669
73366
927157
405530
430276
298847
684118
305092
254929
147555
339364
914102
89779
492832
161497
659785
87831
220167
434338
633746
731354
233551
705505
76259
676685
311021
800285
171804
970897
391270
486465
340244
415190
206731
202186
107277
709841
679885
292649
685827
57388
400102
470242
398475
15687
482692
834439
399967
488145
567691
521507
26053
987341
984102
549012
786743
399104
729735
466435
152598
860893
894569
201484
44465
520777
186854
823280
350416
596852
959323
540351
957412
562420
434334
965903
125969
456420
1035
758235
558836
293554
517554
64268
52366
622259
462419
533365
83029
264475
711008
941990
310624
748315
286784
982860
591591
507838
978610
471566
335870
433584
502928
945833
632722
189345
404390
355460
566466
6336
65277
632466
172185
582826
670407
400014
1998
678159
341057
824638
820786
933459
702611
679177
390363
81265
133288
494351
75528
742598
805643
306361
384680
437880
281781
918100
890299
758688
963944
885236
937507
127133
693819
108513
396771
490914
499269
94100
532865
212688
122084
659002
7387
375774
943668
273475
595816
573506
129422
902805
449627
821432
812142
332878
564858
640440
458369
624744
504435
230740
940663
770259
664154
382981
457953
432172
351533
760986
192946
106377
370617
113331
311063
290998
460509
16958
633272
576440
935147
879064
552792
663343
908915
93597
712891
492591
87791
701010
773457
145299
857287
385515
623970
293416
233395
679571
459559
496414
665843
362863
737726
930381
27291
40558
641809
476964
798764
76534
962365
906179
209840
520719
391357
964705
229362
500379
931609
976247
974155
103482
233737
409745
533026
944122
166063
252261
943078
7059
234575
804311
234779
677866
737351
205181
39505
999874
851939
993626
264362
597578
508921
855493
148404
572408
647285
334749
564174
230635
727568
259550
489374
229901
600267
422173
994011
631538
596237
253476
45366
186932
82251
842108
681443
750068
471282
299882
226177
42778
509192
691832
877803
667699
496390
197666
184599
595542
316604
906105
197121
692753
810489
361484
848611
813375
177682
269601
839001
680789
948473
354994
784741
122761
320186
362460
26300
103948
691234
370783
465776
596628
388536
585456
424603
331426
415441
389911
380195
329211
544625
841987
752892
303008
943722
825306
691277
269892
404191
415958
143397
278538
2317
555775
830524
54878
965142
77820
63549
628457
655996
391197
493108
923411
900054
475445
774051
693992
508972
174481
992264
634317
457149
422163
364487
590332
35711
922188
825087
409045
742358
781205
381509
452078
137031
633240
603931
318947
339645
263988
944532
27488
904537
653919
215630
207421
67614
609039
29993
716534
620408
777423
185004
191596
167458
289076
297635
117487
219730
577518
739639
23660
370654
105633
430864
897731
799036
828357
999667
108448
104361
773810
468166
336753
267385
246353
49295
771839
558318
874127
13656
202699
905283
205001
386091
453555
459083
354129
532246
718640
421915
519853
389524
858337
175805
99302
158536
250653
82629
878389
2038
741063
216261
961040
578413
7062
616292
998302
773930
924229
262731
28778
578492
476647
906094
137765
787564
350312
644354
864116
800895
553355
917560
152535
746968
456886
545908
876644
89514
296049
923982
897295
695607
928970
312556
14352
568776
54016
852181
402404
408143
930927
925895
465914
257063
252468
490447
922284
491242
249345
98734
127821
584334
476981
375711
647960
624010
388684
464335
176220
657099
621791
408428
603787
170375
553048
20427
201511
493830
774099
631373
7228
603765
620346
329121
13149
739954
195007
152477
160531
798672
669145
970933
402763
564037
227450
892027
764500
264203
353921
404417
865631
535331
212440
691016
397047
821491
440977
692523
523704
287781
527180
330093
783034
59821
115185
522565
267779
686711
672087
177549
396925
145606
246775
568801
442102
31779
928484
509934
886087
203854
667769
524911
231592
553446
484679
30363
780092
543501
649256
68252
280021
90061
85422
747260
960173
456027
193543
608581
966930
368822
198149
170248
403027
181013
459336
921005
201705
756242
409201
730052
784450
902790
623447
666241
555154
692372
264149
435774
630807
319118
749121
360842
42093
277948
48593
45560
840161
405832
778937
575861
892861
644722
69283
445640
559902
490619
599340
14486
207357
806653
840137
507905
604008
644656
234191
647531
472088
663247
203695
427650
820622
702537
616367
270194
538892
706224
825789
430795
79395
928976
59234
684350
813426
766826
689686
783822
838120
464980
503989
207698
82141
833454
185666
239917
569420
206748
854142
364413
618421
567969
143010
411179
680855
697264
225085
421508
951682
653857
683557
69514
945537
943587
734480
900949
957689
520603
89504
47748
875431
812084
538359
319627
733967
306008
972831
237684
915792
799373
178126
187614
61135
141789
909700
163297
816707
528492
945297
729693
119127
977720
360430
744934
46540
277812
893642
885993
526698
195672
134099
164340
652088
214490
332492
894593
703256
207324
876576
190527
541541
774744
120347
162329
14013
77918
61736
932947
768911
809999
844501
189563
152557
973341
747865
751131
32349
700971
20251
30514
739411
888937
924711
968882
263820
630991
772390
142831
170787
685829
621393
116332
883908
605398
71992
508376
338649
934177
71330
654606
23043
605578
493120
591804
961385
442680
137586
525516
769239
474249
626958
44286
913787
639745
890527
412684
292477
742812
744925
56855
125695
164156
699368
300665
517143
632159
37726
921126
330611
121675
450205
775098
866484
885007
773860
664731
188693
468939
535341
519596
486823
920915
18989
594644
83019
897083
72166
634043
274314
44340
136643
203606
193625
404976
404632
724170
973325
81620
151114
173221
290759
475521
316280
193689
593042
874533
194974
141826
56957
398407
541051
808010
397710
516077
686510
496095
646942
818799
96555
392476
765947
78381
586480
692370
625045
33851
684228
478251
285858
853162
68931
517067
381724
907557
901753
815459
555226
801909
207429
255050
623940
529333
295381
935854
289821
995965
825900
950706
558576
902864
343224
366232
507951
315955
492391
818495
943715
19129
305372
669031
755613
575502
744390
388116
269535
641138
502597
217966
564182
535941
25982
153943
948741
7827
992705
504280
591362
986743
489926
339264
545847
450654
802002
813095
186127
180618
771869
882872
755308
608857
839129
309597
439722
432776
79268
908921
50413
527930
369460
931175
137280
620582
454163
750504
667993
430800
460488
994376
408448
652857
866824
63236
868443
362271
122118
94456
290415
717314
876389
687209
216195
224736
960493
700523
863045
260148
954949
693980
962712
946746
39967
830683
93361
203551
213162
489849
482224
655928
305061
329337
35394
864912
188295
937491
109845
763891
352712
562678
571467
405758
559742
205080
662377
813106
564871
798671
452272
408953
142360
455351
384020
784409
612439
144216
995637
359479
274621
546655
52372
318653
123815
674907
437650
387080
766394
633819
504503
967150
874750
311735
594881
618358
900287
928757
898583
152955
200974
74284
192700
881374
590823
909063
613419
998655
461005
571412
942249
307599
697339
947384
806454
556210
283795
978105
207400
584042
659336
675218
300169
260548
24343
291133
893084
222659
77100
391828
647515
620968
320118
356348
7653
234642
595809
482292
938894
263052
892129
16884
204482
23950
467877
118281
156396
438689
766702
744233
491816
147453
466202
480972
655392
32903
907480
283113
214875
828322
400040
367584
659255
913601
841925
166243
360564
754778
345602
321332
489905
193967
242542
436563
212636
748128
845068
359167
625016
607128
580295
552168
393966
341953
750557
962506
572163
728816
906155
243140
372622
178633
93710
243201
980829
226190
536438
39672
579714
399857
346864
100336
375114
659554
918578
297323
389549
884559
708438
743001
383162
618633
236214
807932
346381
270691
592965
170025
363722
136183
375915
503663
187119
186547
335329
69697
885921
389090
722632
336873
405628
12811
229108
130849
605265
670772
876918
149890
331786
798308
410535
941229
697012
498538
794192
236539
957275
660399
772423
489927
157514
505730
34800
341167
30096
115258
46515
787667
964751
460845
783343
41112
261118
303753
428081
272113
301222
354445
46738
815025
838472
5412
633156
474913
785522
999584
972685
612135
829425
665978
76687
893008
933310
2585
543699
406497
464386
403306
938967
128805
874101
278388
996593
45453
743996
101846
248050
142158
687167
508339
193267
682998
287791
257755
747485
891644
588036
68142
825903
226408
851706
194635
241517
733439
596475
989871
778109
518471
481748
634205
314055
693205
247507
464276
183327
427820
842433
376691
802992
129676
368946
238283
722749
626336
861135
22467
178140
368228
942055
17458
487249
595285
463279
249534
18822
598530
586401
644346
291299
320771
838349
150620
116319
702445
265600
390952
671557
214324
372981
529251
336695
706669
397579
177312
928810
25855
114916
855855
271124
239164
671150
907934
479168
903908
390439
792990
873709
709272
520091
404057
468884
302111
987898
813054
740874
928446
386603
602041
76906
130890
141243
452310
421763
541885
617924
786850
180232
409970
400025
171865
165676
950897
83049
634438
89389
689892
356120
629189
810442
371663
370899
748038
874799
679696
112437
403082
94716
298121
736988
190677
399566
843148
325209
860456
537527
915034
802494
239911
550139
207295
628957
905080
170040
941851
377861
220645
313591
264865
262053
806438
827312
978811
682430
808036
288686
645951
750794
171113
411941
673799
662292
634859
937656
184615
581241
389600
526863
931784
70436
386348
386577
112510
890584
568242
141133
948249
466474
820414
864465
374291
343581
38952
500398
63825
317592
312264
934684
478543
524681
28676
322865
309433
938076
589842
516991
873162
372720
966025
431915
39538
91659
300120
324512
565527
412590
204310
368118
235709
699096
926187
747180
595564
797130
648166
196254
903479
242806
361190
401623
13672
462464
885245
677056
482587
141058
137555
537252
215745
21340
944967
208726
343991
576127
908594
239229
843920
371560
733052
459885
256622
3961
284432
901263
974402
380343
523581
413484
172664
847374
535353
754631
982654
420570
629594
620266
802210
680389
993054
334570
301441
981071
518726
820774
226475
548298
203885
641137
268647
50722
192156
736446
233317
936183
18101
408880
399500
484856
603144
753237
149618
298004
835219
338139
711778
102568
255681
425272
692180
989089
168004
360508
182744
834767
894308
211414
762075
906733
536215
11982
23050
845356
372889
624220
166996
136777
456138
769528
215486
181745
373152
18602
971939
428481
953056
770300
685446
175898
633063
576625
550644
375645
591194
677454
545155
513435
740602
655230
438536
768844
489312
582465
85138
615843
350275
555240
772463
701823
170000
741122
574140
739620
887697
942905
443374
664511
376847
628807
472601
986252
421845
609303
85126
35755
186079
270417
365048
238165
405080
988284
675943
100812
837842
51265
773147
888386
407807
870255
838625
961801
717223
247505
23905
115380
807632
46926
891402
483708
826238
328121
516423
369621
632159
201270
323423
724235
905362
675235
55822
684705
400040
217285
647189
132658
86860
745474
404386
403378
856694
225748
514777
171068
592014
852351
837677
917621
959076
125004
575579
910742
520509
688110
287316
61993
328173
19942
800284
587082
222596
423185
602325
870702
658369
7650
899219
58465
93308
722431
567361
511426
249636
4851
22671
607502
882871
299480
578875
342701
911448
860066
146683
547642
778580
694083
299178
206706
976631
822562
419863
653692
580824
801997
183571
265593
58844
550482
275061
521764
269534
312965
507182
917038
489130
232173
294361
582298
137239
619575
405793
583464
75027
67549
656631
639261
451051
948240
488941
459459
939931
310474
493960
489233
298254
433279
783729
623161
720961
308448
636631
386067
868843
606047
124251
269960
330309
492528
35836
859917
933198
303313
614231
210617
818056
68233
619174
673885
684267
312524
459407
190980
613721
237311
456041
507175
430955
166345
291398
36735
569300
140565
888325
290568
853084
374844
86231
104172
778311
353578
716426
988198
658177
40896
918412
26764
103361
689986
621383
19014
516424
242880
85351
287352
709039
271087
751036
441979
92591
788455
587161
717054
667414
305897
801391
490989
842265
944183
553296
624539
880178
792374
983996
38623
994704
527985
970177
893099
144514
398401
985908
92283
805690
314919
982915
47987
178981
110191
400926
481940
731185
51451
119423
992788
821254
846148
139078
485591
646200
499417
16663
841119
411292
125808
5919
256734
613186
838054
616461
28749
581523
56357
984021
567553
990379
440993
342280
681267
289891
353293
746103
562182
862916
514809
468526
33712
952125
847169
582576
926331
878183
336702
750403
551128
956334
944967
235831
122716
571717
861132
395050
282782
676050
812472
99443
116149
181135
278670
623621
897835
337098
623152
862517
317819
762944
705090
399150
796537
739174
79373
957726
315190
150704
554675
376536
668558
884781
553399
106163
322128
922922
308966
768625
878860
26167
618467
842947
183262
85163
330617
616335
101540
505171
444334
154598
197264
613266
91804
900990
693396
31403
517048
262518
985641
353185
687546
43410
401458
720930
409282
146462
126791
27833
786583
597075
132561
300635
875440
617746
299496
262482
235895
361568
678048
372711
374833
623970
235698
607609
379677
717721
482991
529226
236582
995368
869288
511751
779585
717350
776862
408456
71496
27485
685837
76788
430262
348107
641349
492722
709041
135664
427584
214214
752649
437999
881098
561677
891601
313932
988692
513345
617320
864238
884392
235540
193595
284178
547649
731036
401028
87601
13380
969499
149609
31081
726911
317370
611905
546123
447201
193549
373556
884078
844255
802901
932216
110931
816421
31235
529980
429734
125991
190447
622312
632180
413490
176343
378974
316176
89102
718017
105379
584546
241446
58286
757762
445849
167529
489373
209826
959387
671890
384964
284895
143657
57250
504856
984633
844641
23313
516144
777048
634624
185447
567470
222685
583733
942116
890876
853815
568535
170986
387877
828121
11207
71214
909276
972466
388582
136592
966804
945935
25470
124930
251955
182491
56869
257509
994544
335550
678025
153868
609675
218858
21683
987117
574564
814814
33722
479802
191295
163272
339779
986862
51902
726840
288023
508122
179850
794298
551490
906059
106905
289336
14975
384170
514586
920097
247277
806501
560994
374554
963522
249856
991056
441603
261436
207506
533519
737718
519972
678214
691877
629316
81965
438919
687412
962745
810918
716101
187517
113512
375201
232773
306222
426325
433551
849047
779470
385500
489611
258717
856244
394896
969312
117275
297452
186665
425249
613978
504844
963762
761961
558227
607758
22389
33648
115548
789718
923598
922639
128449
41662
179551
147548
610445
263691
796800
162175
266497
410768
49131
930624
419318
475812
224624
844806
298542
140474
259587
984503
459315
91872
605768
607746
959665
323199
111979
653628
554068
306112
388056
997389
406355
169819
74464
528138
931795
950764
697076
835725
229520
420729
641588
360732
936938
871207
49125
449409
142352
767222
692944
485554
536435
201900
740533
469178
213697
229387
596088
355476
288608
151890
131411
638725
745085
738484
690234
998698
60846
788564
449100
959835
148400
879748
460062
36428
931646
94463
925071
544566
471186
865854
663122
400469
393267
264361
48751
745394
537882
331762
909617
42846
183142
808405
472739
490750
27816
468444
710007
739202
815378
532068
636082
266025
194588
345965
803671
553485
158060
874710
485770
849095
346483
15694
661001
653546
207782
406019
771342
734588
653880
126884
411648
945562
549690
503150
263460
162584
327138
344653
93234
429785
859537
361327
904525
805115
717231
814392
37699
270933
203624
526771
337928
457791
431456
281865
416549
323616
823178
83211
482191
534068
127812
248819
451641
256490
551660
471874
817293
766110
254199
720633
564712
478432
6598
679715
832665
278921
632365
685571
786742
785826
222029
191794
649813
123321
451579
454454
77317
22126
443227
671103
177283
428590
933279
385069
814529
69192
392364
802729
281634
567009
655518
317399
607533
174455
431888
119203
365315
110235
284764
253764
756759
958780
701808
909919
430824
901394
252719
432213
140843
447000
487767
509989
180258
266980
737040
962025
44725
116359
788677
362449
950322
249070
157446
616931
459946
267740
295862
252676
315117
751076
282439
214674
686034
990302
770070
24963
2475
659215
956929
250782
640963
612286
108365
908617
364362
327029
407337
99952
149034
809026
229854
304557
17824
291784
58288
150162
616115
473790
277338
513273
430198
729238
803801
692696
925034
47890
531402
421152
160772
947221
715898
255458
88024
253581
864126
604547
190808
168672
244888
337510
178469
76567
521513
659607
274821
961224
68080
179507
330791
404536
516885
820758
528235
933104
877474
287704
145185
943928
941918
91873
530007
734094
562052
918475
663011
909239
57658
181537
63543
975453
436532
625800
188976
507476
114760
507455
245205
414194
396018
275918
627885
424939
470372
414927
196927
634750
134769
641361
676549
364346
718477
540465
607956
505059
857320
800836
165572
177359
231201
943968
500422
884264
231521
91947
81064
290922
720481
231562
264472
415673
685553
290473
312953
935366
172667
396045
560867
751327
534811
22967
974404
148076
783042
513034
2476
223465
839548
158663
215953
648554
322906
748291
620784
803371
340485
72210
818339
459091
708786
355330
999532
169532
297132
220496
489581
579753
411499
472309
614825
844729
562324
434838
714734
117276
742207
563305
359522
655642
766571
694081
210841
14505
983270
291512
449443
218717
57042
914625
524952
930310
793609
460466
909923
762532
438601
470204
79680
879543
311469
414348
623442
359534
398072
737212
18628
958351
901874
949502
482555
559041
157949
950636
533111
852288
551731
356705
537074
488510
602062
51179
961943
852943
502467
687376
150426
721608
643263
5897
847688
793413
828227
716757
87318
599234
561955
292690
305580
653737
317088
363261
143368
233660
634345
853242
515476
584493
193415
515559
397017
126090
190599
839516
882498
750080
931370
317599
415088
184432
95593
905660
428674
702777
652791
966649
775518
940740
528760
630204
275696
964481
377032
990573
84312
936742
854572
892659
658052
115115
696046
787951
258476
571075
321468
674172
766110
965001
284895
938261
222661
183256
304605
803618
860353
323069
26040
419255
324477
787173
816578
628524
520810
463595
425169
404761
711932
660767
50293
454504
599821
641234
427002
758557
636134
948795
789484
867347
431646
907423
701408
688568
143428
542036
624883
728705
119005
40813
963347
280543
903315
758938
47860
719290
264504
620193
914551
791482
982002
774708
658371
792792
344004
140466
950537
650489
216164
318002
920356
799197
29324
600525
863447
88328
467457
886842
125262
837971
159299
176469
389377
196874
445557
623069
483146
609573
731038
434410
598276
5769
975979
28588
550883
148009
237339
34209
805155
855967
558661
906859
528237
837671
911588
28760
893263
948501
814243
269541
305164
544426
958027
673061
683041
451688
947256
460866
527441
23975
643177
123101
255106
961096
668851
421302
362785
509716
203268
526657
941138
424016
116462
837221
95927
527869
882900
786441
33509
863788
183768
904772
158600
539401
61739
710592
132603
369220
331533
573810
709247
966256
348936
356321
450239
850479
388396
431728
417241
523680
729024
119602
318236
5206
70388
837181
677743
550936
328427
527117
613099
787242
948961
520189
85816
209457
138289
746230
800946
425249
379508
627757
632257
490
77224
544588
831239
699609
465849
113120
748595
43546
106633
803021
163507
753408
480883
441912
25029
952485
721644
713724
798205
186918
289568
819999
152602
947810
32287
480283
300992
564878
227646
535414
399702
51756
822396
676924
459121
752010
577973
550778
723012
827032
427813
421432
389318
684594
256062
182785
434338
140555
10838
169517
628430
284547
567426
561772
197259
860297
824452
247957
981280
227342
931515
577100
11351
226359
357711
209683
674589
186238
280537
183002
756769
876657
832789
716045
671501
992665
436168
264763
818260
153095
384519
929786
838122
876251
143144
746533
285215
365873
394878
336884
21698
577855
595935
259782
233174
151584
877697
506156
999441
665101
233198
485326
632205
925003
513003
542684
687664
822302
294429
232085
498910
694980
915738
894355
962849
235279
134190
422142
11306
191630
990202
730445
939378
446479
571546
414398
439654
334976
769421
326955
573114
216919
615796
518034
911321
564502
967742
765499
15657
998860
754328
122225
224071
444567
585310
780855
231036
596778
614384
599946
149705
262362
294678
776865
4736
474031
217778
31457
928763
43155
12666
871182
624403
948808
236045
836960
947047
521766
14663
326447
192202
215289
623272
608137
905997
129767
183945
878786
740749
724601
754799
784719
151513
984647
505162
284094
67677
965016
732226
334924
209587
200168
709016
868383
478319
92000
828639
267560
992155
576432
54229
990570
431665
176082
142677
628775
582865
873663
593284
104357
421642
60137
406064
617881
990005
425467
909998
540463
293955
947598
546433
594383
762612
805355
239844
221272
598121
879196
45760
42280
905836
624554
88050
267042
505002
198259
354449
7901
102892
309649
945843
856106
282056
953178
622082
133997
853529
885363
471810
761131
311685
940595
788080
175482
772664
370771
553206
699249
162485
753941
638996
801188
957924
386516
991130
5998
278845
769381
783878
561170
31101
966106
163860
171302
441277
474814
625140
130560
186069
366111
914209
460306
268017
927510
309577
328662
334506
878112
79647
182689
677848
412041
332656
955904
230789
259479
538021
171155
414755
562595
938934
191496
278745
420606
377050
683132
446950
312364
712443
151053
575453
432941
812391
249248
295961
37592
783070
216162
631091
755197
776907
958016
125893
175004
888505
916798
118874
814363
682882
288202
728625
408712
125976
472704
955393
723651
719267
878664
377647
246333
604035
581293
989226
971276
187656
560055
891373
433926
361843
677312
584473
371965
803536
563566
146200
195516
861894
683477
425897
437353
593448
68975
710244
725313
81856
221458
943662
591937
4075
157591
230595
709403
732146
359055
858179
338012
105828
795230
700092
908561
408134
232099
479371
556008
321412
686212
754049
994950
549302
298550
559703
615942
938897
711419
703015
902886
922442
557471
696615
871157
779214
191765
94556
927455
971929
796981
507526
407320
779575
403029
215238
684657
787357
823023
59389
627637
927175
608794
93382
832895
627281
664677
324775
369505
931634
375321
243827
148001
907536
952000
757807
768327
259988
85498
607866
142623
313610
18768
435751
10991
674643
378591
884666
925679
228726
795228
595901
454480
212550
708312
724917
408735
982809
224893
812406
324400
622971
333834
63088
283508
522207
764617
503998
353654
641548
836659
201630
418374
976047
508633
941096
273298
119999
690844
128571
451609
252286
614918
429576
25605
953598
504905
949419
395242
235050
6223
888514
933606
952722
300776
244909
5770
374526
768267
610506
831921
290083
598539
628072
526629
461690
274066
595716
340403
921866
135204
767255
162194
162355
826049
484578
45180
428851
761620
666136
304208
448521
526570
779131
340886
52699
433713
47451
98927
409707
162602
739236
83416
312923
242511
274044
416906
52950
121862
67487
4284
481681
112041
359048
667229
607366
745309
255406
45666
366373
134949
266378
184110
537659
64886
253532
389487
304115
512822
883420
106193
940654
575597
949346
974389
7539
721457
759686
767501
249973
547434
789471
721200
917949
830938
948384
623865
206122
395376
766400
520533
19711
876156
62258
649800
862800
794629
905030
275368
648893
795536
960726
958179
994917
553454
330585
937032
689461
733986
322250
118694
649822
737404
977033
524688
692004
440722
724039
280953
740450
176455
3900
576514
872766
83383
750595
744234
517569
280493
29424
344960
654886
46971
83291
58256
478053
38776
359276
319003
399088
189431
485071
87990
767063
185481
492620
333083
237682
585285
87514
730414
414264
776102
321063
605391
473557
4535
411963
132225
807660
838428
601107
537455
834993
246131
112023
324936
653392
337031
476965
2472
987418
973625
511702
167394
295761
421617
58194
151579
94893
885181
631587
365647
679039
817320
315333
475305
896904
890950
544904
126230
421043
258936
846819
971635
720193
467899
585934
691300
438209
71295
391714
792702
80676
515462
145203
602709
312874
354444
315320
668819
47106
845000
529014
46964
125685
744951
678569
741607
336007
901849
635294
44171
789557
393646
917074
177217
186479
440805
3422
561446
16307
625275
602063
76161
423848
654233
132584
854876
923066
726995
232913
748006
762734
686537
831384
474055
942829
450330
519832
377230
322940
559565
760864
399284
141929
105179
155226
470746
535695
280578
263712
723969
266996
574614
643640
248165
103128
307753
34404
143334
844914
185700
362638
312565
440430
607726
178140
265490
441504
134240
660822
522602
78040
255554
730880
422000
748179
80286
464201
976006
830289
899478
768443
222481
510494
606474
558431
410051
147265
441258
819534
571419
438528
462672
441968
126316
958285
967369
415745
245245
146245
908132
403980
755083
488216
307193
260980
413855
855450
6270
270886
788968
981963
591409
683422
683151
69715
427410
86704
835882
7815
837094
745063
333794
674577
171268
844899
968189
26938
895634
627011
436264
952588
633637
273235
377938
214154
65349
683163
433439
815233
610689
588167
787273
94233
292814
860526
599284
148483
159514
81592
708685
418308
165177
21373
505904
544718
714933
380319
701473
846589
830346
70585
261052
850981
500352
227417
228836
426431
572739
690937
814364
901998
64343
674629
584237
558896
19354
919767
72928
526134
724845
646328
626219
132312
854244
762364
915469
413434
809323
938037
737586
767912
479049
530586
449297
717094
841914
846324
507886
670535
273062
619625
15277
323237
247536
791911
127395
406403
978358
991508
513512
568540
718143
494139
376274
40407
263877
720833
596008
811276
117717
482463
394384
456890
706860
576401
152525
668541
690350
989441
125203
360797
270922
761821
301892
920913
379629
559718
441572
410135
857070
618837
793517
55527
267817
30801
481497
166067
657314
309015
322387
169516
499699
893950
649000
63539
850090
232639
765786
488006
568710
427320
67999
403218
642527
218013
761062
64308
511861
408486
16488
444591
786663
320098
361180
324706
385224
659837
13762
40444
475038
404278
728407
996200
373131
157787
785213
894548
955662
559240
956370
612775
21981
945611
287215
447213
297167
782349
146875
234283
383464
629707
338892
597476
482043
311579
810221
231712
302219
810387
178055
956064
409150
439972
506416
993611
689400
400850
435347
89827
446297
641738
399559
190676
386286
421759
603677
266253
889476
363569
58792
798948
141052
523908
69231
535702
57428
890355
406611
426838
296996
187723
165901
599420
778517
281436
188961
617136
21953
275913
516705
802952
711490
491683
721400
702421
296354
374345
133787
767421
282479
441091
951800
480727
421295
146287
362842
625286
17716
977282
72368
448091
508200
746425
778321
562486
704714
387165
12460
575545
268106
193611
562532
385523
124265
357218
148522
650360
431285
485093
734744
129867
61413
56252
478615
14839
296868
150008
835687
305165
925627
320163
326378
130643
237330
886212
318317
233118
588729
755124
362916
772666
464141
902058
947507
75431
983707
943816
364975
813640
998584
593526
969294
572174
598334
838704
663899
499182
585690
227144
674608
214913
244628
857047
682259
832691
239418
370430
252889
564380
388469
154227
303655
190478
213680
914128
507771
689021
883280
45163
76103
569763
456487
664286
90015
248629
167503
567969
410522
935625
23438
647285
392121
576355
857644
739708
3247
977724
501988
467194
144584
222764
197031
140971
685099
213598
229342
282381
55484
817173
4928
84210
779450
782561
974556
227102
543133
774399
611555
770151
837846
462701
799345
393802
725739
329106
761543
517264
314116
413198
12302
813191
352579
615320
621762
361220
336566
895188
487680
221661
287912
25280
838949
64376
242696
756571
132568
789419
491866
879615
58449
849799
952043
779709
955275
397758
181823
519997
437407
979958
570129
85614
12881
500136
3291
295696
464103
637152
840110
664254
497400
79333
591045
557137
829659
430899
188621
757816
357677
721685
859301
692362
189198
256932
148449
262230
148089
369485
723969
446424
396583
163094
883023
532002
245309
883882
730518
249074
200206
339359
386380
974363
180862
153191
237751
42736
446833
342360
687108
600995
599860
115289
390804
150573
556381
189219
45940
269035
275280
727814
105925
53588
402516
11133
704019
687816
682323
616189
685116
556025
762336
544106
212520
393759
868861
857012
480457
709965
182926
852350
754169
803078
745642
113157
235959
42831
453436
329310
153349
140409
463897
126959
349035
85653
868362
201939
463873
511230
248177
399152
314201
935263
121060
475743
122100
636889
908690
733771
38359
600218
976079
501296
658005
803307
270106
213010
550039
178082
834735
117332
867906
387880
922751
81062
864224
490805
930382
631186
169945
923844
27294
962280
409892
665302
168207
734271
587067
37333
385484
816514
479171
287902
558906
818447
432104
749604
627182
43269
615008
184241
786440
58535
305715
575352
157895
186389
718499
580219
697119
56921
460314
567791
461192
762235
927568
385029
400617
808076
931744
962140
456844
836878
995398
603861
233057
234013
95356
351383
878217
111620
980055
435721
48138
566095
464259
391645
51392
441186
546001
440926
174354
404279
614911
879259
33697
905223
73680
273176
904668
371803
98847
667575
800747
781281
75140
862701
569567
901462
79214
298771
58828
26240
121656
609855
85261
839074
216937
414441
303365
163190
603567
102601
365847
230361
23693
978411
944436
792049
163071
106699
141584
869399
497538
96265
676728
294759
567439
94020
534986
929971
361877
748237
784034
689674
123175
372232
212286
275541
639634
65639
737321
4794
470843
958237
49856
849261
611844
875713
270611
985816
745841
698065
33527
882307
433513
115757
100355
432460
642139
777546
543291
527035
809507
374617
591670
965365
873988
690934
266714
920837
169321
258112
968761
565875
894910
938747
731434
617253
722004
494673
117052
802296
503743
211446
850465
782814
621113
698479
630976
258793
144291
582183
933574
551234
224479
489563
524083
316853
288139
279684
333834
451010
94685
233873
937074
104271
279460
941451
270518
878139
953539
10981
254556
122941
416103
857817
397830
172563
277472
543110
272750
794244
843084
608961
373517
975150
600659
726378
448109
919612
42537
669895
22263
191399
878790
93647
800707
843914
318484
12488
685787
68740
458829
8057
746499
930565
695274
468958
4944
606210
298697
637351
988962
809833
75310
637889
688646
758448
85713
791275
613331
745563
334669
411634
790273
670374
813773
517848
695617
380628
274508
783119
634310
484561
196603
949006
63744
67670
991630
450372
814244
100251
18075
262112
329614
969236
283356
878724
617366
631110
150455
781029
948618
120224
159857
903479
822898
208235
507570
178962
857010
685576
401350
659950
66969
205593
642287
464979
187809
717435
368075
613097
871268
926990
46314
937094
672305
818562
947730
725636
991778
286819
465214
567044
596948
252534
608040
351297
959817
41263
702668
345341
604353
206359
11411
269046
559671
682289
455402
959937
202341
107363
544099
384431
515440
193679
693816
807784
576382
123788
414118
15785
844277
486514
983240
745821
188504
237321
680089
355914
174025
480937
926894
176395
689670
565787
687497
653969
820333
481684
603978
31828
872847
935574
909352
897565
571628
706799
474978
973853
750382
55844
114975
291801
939930
572085
731145
655837
352062
30427
123652
629704
101282
608292
476237
209198
509127
358288
139175
727705
871650
693677
446007
210164
714725
19770
806763
460116
842478
621510
194527
258968
132747
723362
685638
568175
234639
890236
806361
960823
964656
896501
788533
342076
120343
3448
229693
536495
677883
543983
203657
478508
409651
497468
267927
510008
49566
668841
585176
901570
401545
376249
115886
921996
585829
553076
474984
101550
759080
626498
81646
299458
639518
829431
1598
593871
483970
10287
796149
176121
468237
940419
491215
429648
838028
388148
780136
302363
549741
277135
921526
299634
187186
412488
711571
809627
703168
17879
950607
664924
428426
549399
116611
501459
952312
445445
461219
520660
728
36287
493292
131815
611050
311954
175131
853065
478250
563452
69533
974
771268
641388
912549
585487
397251
179646
495618
450398
230056
212538
498531
825754
277854
164794
776278
870085
905636
848864
151238
524959
767555
387514
658559
645456
960443
556795
426172
236925
455459
970666
509101
65530
174960
500296
436012
527944
184544
925161
438042
590126
597379
777066
117458
727973
623827
780350
56677
31046
131814
970512
774477
137338
453121
138771
792105
140694
521787
491702
991605
507093
760145
513681
124509
821275
135859
796762
281484
596524
153072
769715
461329
668739
68746
667745
507542
877903
651162
980179
617466
847812
333966
878780
205765
6442
631962
538901
31813
357986
342968
734341
418734
502496
985602
920220
917755
595025
440940
162785
550634
203420
155070
567615
518955
738526
894
275814
53693
434088
925880
9642
521586
903336
465362
563348
464508
517923
669402
451247
460330
181052
768932
183292
422974
204411
241169
769205
647833
667590
775109
127008
827063
824385
888811
52331
755943
323783
717374
393801
203420
501018
333830
570296
681948
48182
147051
691564
706779
542268
657249
329270
744137
654717
559515
595722
900455
219642
741248
178294
568435
542605
695477
544931
615665
498513
797197
767193
251444
721871
495520
529527
739195
926775
945104
525005
515147
515054
823777
837481
736951
811539
900280
227318
604647
694177
370551
762701
85158
17618
570107
651562
622688
31765
593909
751767
551518
206935
767129
281240
843353
245675
166703
67748
445360
104569
304228
13206
302215
99734
158178
683540
538853
425022
453496
346559
621337
985664
98267
782190
350579
421384
122460
587349
594910
656468
147869
937963
878310
630417
129661
190228
534957
907476
829859
779472
669554
278194
646134
476327
756398
908434
163257
694927
326458
983777
210172
616064
866910
578515
586948
929670
155927
852509
719832
946253
719412
865860
759529
247379
696294
785864
460933
402791
983612
44225
178302
178916
278676
851384
537913
93367
297965
171537
573144
766567
614108
854096
40680
809050
874490
668649
199899
626439
636854
829894
902701
579294
246321
571291
483172
98110
479775
41733
683883
211765
571453
384220
939820
228133
509384
201074
446352
126627
536052
623764
952133
342790
806262
59867
482090
694277
436844
73456
753671
5558
340717
222487
898431
716217
464440
497178
940873
225985
364125
12350
970751
650658
558132
55200
930047
889280
213116
494569
731250
677603
457537
950730
42006
509643
806782
303846
478563
722599
737641
898081
315584
575455
606361
755908
764970
113967
681134
848268
726457
950702
702336
831133
946348
635288
815593
33831
219124
24561
995647
10623
564518
353032
822941
801919
847630
559864
147746
617835
672516
748680
314739
893126
364521
481190
88453
272977
710346
365309
659252
793312
797742
164631
391099
302724
692122
390568
644874
536611
911632
143807
751181
464416
275055
341091
269367
870060
960844
530507
137796
141761
746573
287856
355501
3750
815005
863368
926326
248146
87931
867610
11078
265148
357067
544272
466413
434023
50992
662450
174940
852175
39814
499726
90968
836446
619409
397758
620464
536905
622622
213232
530015
531672
316293
808159
824148
610178
404560
814713
57370
55843
567499
951777
49314
577181
720089
484364
468731
844133
732975
215028
843549
115005
70075
30807
166454
205322
478220
243328
903427
585424
23517
137240
209333
496626
873687
557497
921138
959616
944354
434301
174945
492719
982051
671346
595094
356279
672877
254658
77634
553208
721584
112795
460151
520550
522761
651870
386962
84461
478444
869080
573027
478394
342391
24872
399468
964497
281505
425986
374579
289575
933118
479443
830830
53799
350432
751736
243028
292068
817275
879338
516034
650207
481013
288054
350811
481751
205227
392289
531909
762699
41352
254111
442671
703406
23421
219865
889398
376682
318315
343447
63674
142595
34350
115227
182202
462545
575726
199652
583280
202640
404552
239105
223914
339557
464105
893489
85174
226970
558175
881856
757547
148804
356322
992313
822494
684267
791386
588256
779363
611718
774357
712048
474194
372383
916802
261719
883146
954822
319433
72648
880676
916661
157331
895914
301590
866719
421095
939892
285451
339329
615282
684310
998240
619893
780401
329518
364482
758817
905245
391953
246398
37797
598181
374111
485983
341350
958240
38816
620693
816767
551422
908843
710839
471887
579802
140366
222516
822663
9139
719042
17443
737454
76107
978520
262270
373755
163655
110788
114629
723149
149979
634951
829394
194201
594062
615072
992499
809560
312500
808755
795398
676572
275674
316796
53363
130090
256212
761761
315614
327250
202620
511748
263594
597622
992279
87324
322177
785091
600296
137875
272118
442233
66733
382218
733703
601626
170205
701596
852380
15082
839809
316286
846440
50163
931800
225541
342016
708385
637641
40803
517130
591514
4245
81039
978074
717320
566964
354025
299625
265644
105596
436826
155542
26951
921223
551222
655256
201429
637721
454851
673044
445747
400397
426490
721258
640799
972342
294764
971966
726968
817056
464960
892034
358858
956909
450517
223894
820203
567616
866539
644808
128244
718575
935744
876153
77534
910437
676126
624226
923773
560390
358938
926323
802315
11388
960261
989718
892561
115855
985156
764052
873255
792647
666489
424937
725151
956351
467864
892057
302468
852009
529210
10375
954764
530478
52717
218136
493408
107609
144632
368218
884672
655207
704473
896119
653050
366972
127441
102808
297762
775771
788906
886075
282432
719445
83103
580553
837735
864587
653504
502729
920624
507552
982265
519898
967972
139022
693889
225927
349444
645479
407489
694986
711960
743701
267332
958105
279689
221860
57614
295871
958253
165045
120361
731126
134407
649218
841310
133681
973333
424126
834425
588456
920675
103877
868943
930867
907294
28441
161698
998549
338618
637829
660646
394691
500145
254047
22546
691444
214836
138015
928553
636360
900640
576576
366833
252943
67174
258657
362395
768725
494873
972967
63153
159397
108706
558721
950265
192211
908485
375295
473260
190990
281070
339307
500074
161680
894188
773948
393357
322550
970746
94672
192325
716134
645409
339423
599570
258300
906579
65829
191067
948741
187205
460374
321885
750602
362878
117077
567471
896360
887203
780072
588924
722603
199581
43526
49231
35803
802175
154306
535425
869
459522
461630
399051
488278
529949
950785
444880
156428
212491
634927
546757
554021
471734
263435
511776
551310
86826
943635
952108
125830
926493
424563
50966
192546
461442
219451
59198
863256
236902
663671
156199
406706
604720
835838
118328
748454
285492
883776
615412
665464
141382
269290
97575
790200
999957
304406
227385
116287
104467
828501
883774
194341
168171
155028
532452
502245
486740
386058
481456
276963
786365
693470
369436
191067
644358
241245
458295
760794
367953
570973
601590
975938
125315
692708
456924
865902
125905
968827
816275
159190
496210
506194
195522
782473
708122
991134
796252
184898
523048
225283
13333
