347316
800878
691422
594607
745584
993468
593120
264937
69006
933227
880753
146801
195249
591968
986839
637502
565143
438581
26494
894327
230066
998696
800757
459757
999452
767797
584411
445200
948919
954962
449081
398886
682184
334844
380586
262425
5673
764607
716303
506280
625405
321735
888218
495030
241093
195293
248187
877747
950615
340088
964443
726380
225023
918837
906514
795840
234535
915899
826597
584131
941657
227141
449181
400707
899439
499466
700703
868107
949344
11341
853662
788435
181110
718991
884524
95544
351273
23948
614560
319603
40570
894258
933340
137560
824483
257287
514910
835872
624944
405872
298675
926370
772078
866227
696095
428643
528342
375900
28534
49693
387099
439197
332678
381426
155417
257354
72262
416936
46447
578695
856147
916302
948233
352816
323979
81188
989328
690983
465530
414933
101354
986601
785586
731687
677127
604378
613006
855841
660586
40195
133689
333361
580200
136536
259109
312226
577522
827328
534336
883204
392006
13345
954804
488381
375095
832879
765296
277644
832083
605522
226657
437807
568557
668916
577664
840757
266805
793735
316527
802408
881852
711516
756910
150058
350443
899050
58648
139683
601076
273638
528068
414797
768977
22724
564652
163652
114732
842132
790540
811076
955202
327853
431065
15244
804773
861118
165123
858791
336088
765091
383947
999207
972887
779276
989128
137287
271961
495657
631858
577115
413272
595209
205072
379816
351962
797048
710964
789833
576151
932909
554219
261265
121390
550378
275100
697874
5514
758417
608330
999308
633880
502971
108751
874318
880114
209168
951300
226051
445053
375812
622394
462548
38470
649058
256917
455375
794101
542709
227326
819829
826665
985187
99834
870649
755950
446468
281039
307786
471960
486271
83856
88082
88995
137117
744426
362144
455776
828112
275034
12955
352058
318215
298504
576625
536342
858083
986570
899114
619071
69464
431085
169675
654305
618479
678390
246504
781164
977372
922731
867752
943881
497634
106305
227225
993171
750385
236548
935188
467611
988102
883993
917466
295245
520932
547805
808160
94554
422768
305613
730871
820120
944026
537075
549132
149754
232636
617686
98276
282708
890542
614517
128119
77084
724108
925928
619444
641114
3035
943148
358471
378057
108962
576072
624320
916744
632920
485352
167353
515984
536789
157256
324508
166120
710067
309624
764940
307825
177557
242397
510072
508094
909357
563438
191345
565389
981006
602023
52441
927576
73442
843362
666617
392988
600005
906370
311096
300503
226955
174979
146659
600461
106524
865112
909896
714666
674629
452847
496729
148458
551801
344920
248312
697142
614263
984714
734202
407142
126316
252104
543479
401462
415202
734360
863589
279980
660605
870934
160941
156281
213971
963922
929317
921044
474476
907774
485057
32197
760931
239210
45582
857254
130109
707018
604528
244492
515307
180514
327628
816253
473572
976863
644099
276970
830652
916559
845085
456113
459665
891286
660452
585669
698803
930732
945531
494827
646593
619157
638456
621148
927594
876388
555259
445542
919832
172238
273329
694137
816087
982003
354241
277772
958636
960907
904990
901758
360793
867113
43585
845303
194003
599732
182715
930142
777340
946457
276310
848278
523508
314625
781453
54140
654268
112396
206075
429974
846263
769105
765513
65992
369105
54666
23503
247992
560380
249276
1026
182151
491615
401686
296058
5156
525635
925451
355497
201144
775074
849112
404963
977110
635668
342909
290919
315195
993659
579002
881434
31650
66876
385109
856343
14497
322525
566925
984545
999080
475278
699749
16449
465367
176840
824512
434327
23370
897969
981370
714599
592202
427067
231431
816251
700678
882386
563791
61991
847983
689973
373424
807019
394782
414474
491462
568973
319243
958338
722022
36647
108250
545904
610919
390213
378786
177056
566726
98087
683652
230901
251813
142364
573078
499320
341897
943194
910912
774786
751583
971000
811104
863759
378305
662640
324876
469238
418647
193035
207638
221933
653196
437374
91456
443335
526065
21481
126242
215273
812982
270575
401178
494824
580936
591337
65938
351546
599057
961537
215783
682661
424375
748547
40396
763159
819976
666737
46460
759688
682735
838383
9601
443079
182136
308366
681619
103458
712789
35286
741353
448868
616355
36910
427577
663539
461942
593089
203570
941348
219113
931867
477296
585237
599077
762733
218281
81568
564987
133537
480331
592545
862497
23984
644285
748301
940714
638791
251394
917193
818447
708336
797874
757956
1519
65073
825448
546069
127077
52189
169619
769812
456797
789394
744011
825843
972231
212555
750135
341696
654936
2877
540341
11504
527288
801979
438833
664680
356002
386445
880453
174608
201354
54989
77089
350148
556207
309556
712413
997386
938411
825337
620860
268498
959532
681380
78109
370482
26609
231448
847693
846037
579566
842665
949713
384911
715716
916889
779167
415042
998567
176517
567315
262952
437774
573369
692232
181729
10953
437658
274694
8042
579389
585654
191503
127837
734864
152230
776970
70319
563596
400987
319485
693750
788148
824017
76883
122342
465090
499983
92804
404562
794054
98001
85694
118588
504688
651655
169935
695236
307121
478444
50224
172701
547181
472125
579526
66940
231187
676237
489302
428064
161346
174748
568306
363934
939148
169039
290882
20100
891655
798799
663709
398778
598041
97777
985387
432834
138346
134513
988714
373443
653203
194357
981294
37587
445795
24200
715037
544811
31737
37984
725783
368269
58725
712322
295708
365324
388171
571265
336240
735604
321597
441826
779175
893001
634182
472333
237690
111713
868600
549688
74481
609756
69410
675486
736722
826829
579984
901551
510677
912960
661878
60400
264249
511525
965037
623486
413536
452381
414187
88757
227428
890693
972844
738336
708733
173137
295628
957156
25344
489602
229017
494758
753089
395005
920535
656491
803562
47717
349928
888987
694044
509435
9663
180478
949406
452574
295523
122530
662484
907796
684040
9857
162828
303837
687634
513378
15100
567917
809732
913774
177015
796795
642773
684034
659910
320655
937108
56185
848339
474865
946702
686522
222153
194247
859678
372641
387070
542316
332649
92741
437691
391396
455237
191597
958238
851248
215874
977924
697150
392531
266033
114451
746305
380969
484330
155626
106441
398411
224820
239774
847816
13277
848518
984599
777926
826211
40167
919772
32949
673735
813175
561045
321360
855458
17020
370765
499900
456902
549277
134174
664921
83667
507520
624544
235291
182554
816891
138660
403946
196240
762238
503744
489296
940319
617755
324477
848714
181186
683442
531894
175946
571717
440998
82797
822418
26429
869715
947623
717071
711467
806279
216016
46653
25956
385183
282516
962599
964015
305644
80650
644120
790789
886794
283418
340449
26606
498768
243764
886853
811729
99563
312512
315999
86788
825785
536741
823195
953054
142368
742292
574113
620133
167739
664641
827859
569830
875837
277600
76006
793034
806775
335032
436798
36219
269061
583160
288677
35780
316479
207115
52242
348146
763315
72605
436447
992746
347381
830113
233147
120904
748657
223781
582126
979358
363420
139318
322419
740774
563235
325124
709579
279603
132273
8849
104681
649437
875310
129234
750001
103208
175744
822084
36965
740958
914454
492282
670936
788211
446002
13910
349602
633321
781088
711680
330101
882505
209250
63322
975716
139998
982457
939488
785337
67018
490512
470591
835104
611739
418341
745328
147493
493578
461512
840125
471931
944767
271240
630085
864845
2073
838208
308308
425539
958756
643473
50505
535613
854401
695367
205019
999797
536503
327583
304807
959449
76787
102615
18202
288831
386861
796605
450728
159226
237407
639753
442763
415560
543532
357249
279957
531255
502847
158658
538240
944398
744527
421689
256705
115042
114792
124941
794106
340566
650564
22645
243195
212966
7438
494596
207227
165879
455427
21598
781146
235760
146451
359177
312907
424485
817249
941466
675860
701438
311938
527640
479131
101926
196970
992713
638316
773323
470710
803782
673014
477009
628610
655863
780718
587079
587233
965287
339130
228377
665815
133547
832211
887165
708020
353727
991330
706296
750041
91663
44053
169888
420811
544397
612787
995046
528009
371945
887283
613232
337741
780725
983453
552451
709515
777163
810999
562908
80794
730050
609758
280457
901423
605367
525612
239563
358206
645861
18300
854312
479647
341053
503024
633872
112063
206215
793441
17763
968122
798813
644427
264199
390201
138802
888132
337841
582295
58969
356476
585828
549628
240257
417968
605169
564341
734903
597895
361215
634013
550607
360369
664381
688323
468230
811080
227522
284408
253311
323956
964101
845717
60650
37073
30653
340225
337184
827619
527075
935212
320284
927322
234321
366566
178567
334407
358439
375430
525457
811926
858129
704389
980404
622314
533720
435151
390385
461592
950455
281564
439486
942182
338068
232916
554864
689339
559904
345750
103921
812365
864342
696283
914050
478019
533363
484098
629975
230445
420046
990807
554589
890997
239202
780172
550724
544242
941773
929747
669809
625894
490921
725047
228571
217475
370656
657744
589379
705072
529544
547415
379447
249885
603505
465191
977790
461583
912336
956626
928641
67275
201639
934740
331208
675596
550896
902939
986475
283847
513113
747383
133673
443846
943485
850870
416649
857362
243870
382724
421363
123447
854394
234362
810876
807090
799516
636612
47528
481456
307480
216616
680509
845156
911780
348945
640933
2837
781445
612761
329184
983820
162369
985507
107091
162044
921243
850152
180060
424373
21787
749876
534240
347222
912971
138942
297075
807782
931858
714940
534991
41046
908870
604657
461697
212823
778025
58286
379748
808534
534587
994862
444960
124421
821185
861679
759465
619692
562565
713630
49182
963025
788653
92125
652973
43642
293489
360333
84523
665299
360020
320423
568097
890921
51926
653425
692675
237045
726025
452891
375929
951945
472834
605191
333247
161204
247208
252906
64108
582130
932367
80078
308005
36957
493999
711120
997640
18010
559397
417059
913945
850320
111003
386700
694721
473673
753453
625561
188225
832344
15669
686669
700253
263160
30274
774890
736343
947901
415116
676386
871153
422012
317925
588634
319473
676232
4802
421445
275281
559908
534438
928416
717729
893825
498858
49749
949739
966420
392215
805444
883174
350873
334256
692227
964497
313158
894896
793680
549715
444458
989662
211654
593740
648151
919206
235028
276614
734785
864668
161252
910035
762072
607253
424806
368130
925212
76253
728243
785357
420978
34040
44878
233917
832442
846690
512207
108203
406505
760455
472145
533087
210228
380766
864143
7483
782010
433743
231724
879453
158036
260049
169293
11554
311929
555497
786980
976246
245567
418076
895303
364724
501684
901452
62685
795718
414705
702721
447015
173742
296725
847865
582923
822311
182329
880629
870145
663224
81856
36031
871961
437702
660648
693492
228353
581695
255787
389509
814177
241785
436099
237062
41669
718819
320875
487840
998198
475792
403507
501200
518968
569640
124311
696120
680806
742021
239141
382875
443177
413060
614567
251464
897707
899232
314457
863918
475103
459501
235685
715492
421181
353601
501719
331458
330267
266625
872024
816154
718669
962169
503378
211382
752838
322207
77405
722753
801747
419064
48979
183735
461757
549661
175098
224792
871511
304329
546541
253931
276345
504455
698890
118242
964278
941026
549783
864718
442191
198582
560531
342132
380575
828337
708193
51247
772811
815426
275129
53821
540769
696718
703904
365251
598586
58857
553596
883120
52271
165728
47461
924167
671673
518024
580060
63394
196121
575972
503992
477222
114082
223320
332177
2064
744837
813670
351980
822862
215841
519138
373572
123422
8783
849688
638708
260522
391135
485522
650184
493434
274898
274431
89644
14657
882535
403477
956062
819210
349498
325817
353445
730040
866925
177679
899219
905082
745941
779633
819893
204766
461425
205502
394430
542747
168314
599882
335036
500971
753634
912723
937387
114654
333898
431304
755936
453239
387703
63985
173438
897889
850014
857077
436848
380714
426238
3
564162
169981
814967
841775
419329
501391
177768
153735
276314
738654
48128
932971
310683
145650
430480
554161
770226
444225
370845
604454
578297
370993
65151
539007
948539
516417
157669
589850
261880
991076
333681
566717
141167
406572
456521
177493
911217
349516
184368
843142
648697
861787
336770
215728
894032
392574
891035
459890
43961
559236
765779
12395
86667
724704
900334
878954
940306
576944
237351
403054
359719
367102
250060
892191
475131
341571
579583
9587
201447
881748
131001
634413
328536
464217
855006
114152
283662
372086
165843
835317
699494
52068
32490
632985
767975
626365
760881
258133
295713
666689
158230
390429
674717
330791
449748
191877
58411
89012
82246
265591
692469
847035
493108
939217
39531
446610
407174
812367
393096
522256
124245
473482
576425
60583
217727
638149
935315
879704
737687
825975
667859
577384
322061
167342
989238
324076
6500
308732
245217
565194
190376
412887
795037
188211
383600
378061
854060
774940
511436
32308
980724
46305
693406
800624
113767
692827
304299
254385
7268
223744
552414
796542
206729
844241
820392
228352
883649
344770
170687
2924
563646
548163
50168
969598
100121
576576
681057
426447
857752
466724
508941
354185
564863
952068
518748
35022
398319
346284
118091
549051
697390
783399
531402
276317
22596
804457
420678
855570
731466
714538
437925
604813
625389
881720
74613
191266
710961
403499
974341
49296
536730
346784
551893
337733
623991
173481
565781
959121
60685
421644
238983
642425
613852
227091
645978
330277
622092
675246
681302
77794
229659
178908
809119
531218
133079
323962
543872
433310
235292
729060
823615
823662
387502
72555
970525
944232
582125
274107
163352
804940
518968
931116
415673
845561
769233
131413
119180
786238
816926
151406
695503
180430
964114
839302
741905
164966
485305
540353
959553
689262
937713
687718
837759
49724
249510
928908
518976
759324
79360
232685
988290
752757
70099
501261
984411
223913
500473
52805
98879
277497
605265
22411
964207
266190
510247
417109
293511
597718
479279
741334
652894
804788
552223
851014
68207
350059
860341
892515
83
516598
27563
810716
491468
543081
328838
270366
791636
86746
298985
806278
897316
23739
525767
309041
897770
366571
568775
349784
955005
736079
611158
464448
146860
867490
254901
47306
219179
257197
133586
465742
769068
421964
951224
2079
265259
701900
514424
180341
120522
902332
50918
451163
297039
850235
984272
419540
446619
604119
636652
218979
676970
270991
474028
1018
772132
272485
296756
138525
174323
289459
659357
780070
616140
778802
113466
64675
852408
879213
84882
163152
121424
138914
187573
483882
423245
945321
53149
825306
360809
905472
713147
10704
586570
10401
753533
967333
37018
963774
796719
253980
339763
15072
927469
469056
528000
413900
927204
634111
496305
800843
218990
721786
246242
531471
245992
737771
682537
856153
243299
756110
578478
765184
541088
707522
896029
75220
321174
520386
251260
351380
194806
981176
303555
604568
773262
810813
828251
404169
151465
419400
332669
333533
645895
405742
186674
274243
339678
489911
268076
222748
748815
414852
243210
560331
883260
712774
502516
458552
925254
718128
903747
404281
865425
13679
311546
371465
546096
640033
196719
604133
372869
980711
522628
163316
322394
681059
816396
639057
39497
275007
731148
750303
664297
211839
850313
915897
333960
606834
779436
448213
979484
524264
294142
419112
390844
755999
59640
801229
500492
529533
67670
474217
272255
89135
827223
587177
457864
694873
637129
519417
164716
906294
119132
919798
674823
518606
21988
620946
165705
735399
59123
412528
949241
957569
918410
964657
994818
385513
302473
568513
909932
741337
906949
709795
176471
168489
123297
917989
386852
434504
228625
400390
984209
203467
179880
936880
718579
441256
411415
595563
711099
129802
306945
449409
835491
885749
108250
502114
636367
871415
778493
42685
403315
447286
868008
171039
395321
319150
360808
2728
789320
781075
202553
254259
327813
927652
132492
419026
122145
113342
235744
408597
779858
259369
486815
398712
256356
963822
424437
181152
263714
450702
951442
781630
24071
719182
326856
613534
843663
423924
461539
353982
758548
957666
160295
861972
107849
423406
504514
320988
708430
8272
937990
846160
610984
115796
118103
717885
626350
217035
304071
311740
728378
61183
68252
513836
511927
788463
795901
719684
448668
835936
659215
394723
216691
871990
154645
60361
750784
467742
535526
598520
377274
771252
477833
30930
860106
129559
523959
720880
933259
768311
461730
11761
859423
231528
33340
108764
307336
75407
716712
930897
842231
148564
781030
316375
177991
853611
155417
415145
39066
826192
647146
110388
658699
70751
751331
592220
121968
418364
271041
680367
612687
210228
544529
530406
197863
928343
599315
35494
778555
487866
631673
580544
838545
547397
970577
50158
359650
285689
18954
819719
863105
15899
479436
258658
738820
969512
639527
386839
488077
867616
300647
293209
20255
121530
541085
747352
891225
860278
374085
809656
171385
489540
234558
827712
196821
244222
352184
851711
640358
631249
461554
519719
383412
775742
993720
867264
458408
315078
185979
270720
639508
542929
251260
9236
1452
228168
444392
347717
248266
739163
144377
928643
781561
437771
799999
891729
169173
493049
136660
999001
866471
353997
536789
63367
102895
743486
141797
798866
784115
649860
403178
421349
974864
934662
472488
723285
59151
708871
668598
172800
453848
998184
15660
795100
849806
690876
491869
87473
333659
688166
668441
103509
505855
233650
116743
677607
349314
839974
601573
809977
252350
140732
207888
710956
273390
534486
230423
330535
618770
145251
719690
246601
943968
467081
868472
128698
679538
985004
50570
161460
212471
44217
914149
534698
649377
575811
877141
570007
667888
860337
79091
144380
885813
28160
985381
630500
393251
243987
604396
645111
891103
616439
620086
978120
940943
504380
631158
366194
477226
580538
359221
428720
175288
358322
892554
457766
860062
816366
286403
656458
624058
772249
676971
364823
82689
94855
282587
264430
504954
115293
575144
181978
832792
438249
587130
39443
648758
86656
869011
549760
415418
678009
388759
210443
127782
354223
545941
984677
369894
20420
98588
214643
516412
221202
829252
922995
978491
653972
130142
816228
359941
923741
804381
302113
704470
46875
465497
419601
608560
354834
189819
203606
418407
603557
21947
72422
485283
108462
552885
938471
124286
775755
850252
963290
499759
742818
302648
967789
780567
556822
493348
184733
94323
72568
605775
220957
726547
527125
413505
154218
714317
117508
965820
698875
170570
263917
256281
364257
931599
58589
582431
730862
174199
980827
861215
67213
618364
182192
764201
891833
575254
720129
352038
91248
67784
329636
607335
380152
332664
285175
343326
230935
388627
811303
872065
606825
847350
370934
285811
559362
462988
93403
489684
853109
915916
27294
239222
568122
249341
820265
415346
116317
107700
672812
909346
257425
237628
896187
605198
682553
520794
365863
615114
170620
418689
418265
741180
540291
68903
935618
961861
895734
217294
225227
952801
480176
678477
877067
388526
741225
456191
707227
192385
614092
34331
622300
429383
133937
567998
307634
108825
90528
802004
914512
485028
784355
952425
840275
234545
983425
576396
531718
132664
817519
588234
344204
51388
688168
158768
533905
522367
877606
752513
702955
33355
671055
147983
540377
203824
679923
974235
666376
77609
87537
246873
283280
807171
606202
154761
230509
829868
609720
130964
828834
361894
717345
124843
554638
286311
785052
204268
409530
679359
992385
775859
724478
711319
385810
75683
768563
147393
693221
302403
706648
348878
502988
129565
282052
489431
501762
24063
781914
625173
588317
135326
895067
526113
479449
716074
593356
540904
254652
443445
84276
743786
958661
371747
700478
734050
407618
949091
643016
522261
191378
843971
191406
257313
200384
669558
73850
203225
952501
868735
472723
459192
378590
478046
769184
791114
323578
560553
830105
483588
813937
263821
962277
969800
567234
587835
732816
810124
412619
547598
638977
291347
343448
885643
141234
945772
128737
371030
214782
847155
515866
943960
269004
848162
513011
100466
802328
467182
449671
421500
349982
911899
83580
637680
321176
509530
12108
78249
965094
381429
818346
414078
534740
600529
452561
794352
395292
867511
237279
459904
338522
264568
961177
748611
284231
239032
868305
786283
269256
243253
983326
666788
617890
537913
371805
295443
256367
445094
301778
418064
658251
722063
236507
443297
95151
889754
489282
137411
4288
979825
753442
918543
985321
715019
581308
482313
395897
79070
924872
673786
749102
299980
722046
594177
225031
715090
71505
746693
19778
824519
96298
827944
973179
103657
164061
442982
774646
133063
675746
337809
955485
129085
324126
618106
75545
599650
180140
162658
819149
201881
514504
990755
775680
801709
182266
541694
217427
606511
170660
648855
253171
201564
470123
808941
960385
527085
412568
167537
939812
707516
620578
364680
729739
127186
520242
48560
527750
940461
235803
902582
137459
29832
556376
512004
257314
267360
447163
283169
506473
294533
376013
23541
615983
179456
100748
187444
256671
520600
775824
324426
111486
391024
504590
958913
190568
19395
204550
146345
521283
113499
739690
847894
290327
92881
281319
239591
166196
320209
315245
208931
861519
331841
350047
820539
307695
458522
383107
70292
988853
504359
435771
53205
726380
989091
817267
893929
305249
43618
262756
719699
903423
335948
211266
274962
18012
363808
444374
805682
997285
316585
249721
791660
984492
233912
561232
329470
984734
887740
969773
210032
384512
221367
606696
377216
918239
90459
144022
771604
197953
781060
197913
971639
241038
407127
388643
348560
263295
909863
25630
98066
496724
353469
628658
837392
166534
412884
247558
939092
571902
20183
236929
280349
589769
734818
917708
127929
818533
451660
504242
853364
34903
998296
88088
620593
16793
203393
94948
39861
30279
360812
919341
608334
159802
154996
795911
21686
26687
52829
993345
744266
468341
672381
176120
561634
194098
491849
33492
841949
876678
510472
740116
426416
241573
680752
407316
118699
469871
426950
780467
704599
200209
693389
111325
2707
998435
337867
412837
210938
832598
426433
419341
500576
648027
987581
211790
536725
962170
953695
13355
130672
699784
528288
456236
205153
551908
757587
209838
467743
581234
108566
240568
821375
804334
832159
844642
415526
78188
555669
610798
68860
903263
153089
486092
426606
154797
502915
444599
896795
272721
292255
908541
22606
911943
861381
9985
267704
389581
17985
177611
132777
703418
364197
9415
390131
253796
566785
273558
965392
324822
22098
444430
448115
593793
898381
910606
353872
491903
720480
820518
457394
764463
653062
97834
778338
533043
861088
52707
27646
81285
718847
31111
553367
334853
905513
929447
490767
26545
285700
105785
993973
100373
913086
145707
67099
362225
14994
196282
724411
406104
682316
725715
484659
689015
484656
861442
678163
377112
902887
121654
740870
402043
383900
803405
752519
538717
804331
396657
501929
311297
26186
733007
527452
48769
147842
678782
971890
418349
625011
776136
936029
566280
49293
507207
931665
470873
434370
693163
282372
970195
44389
782720
47603
952568
294202
477518
543250
506320
10963
781638
479941
108515
340861
349681
460647
710964
48792
95604
283348
454579
643631
769297
535197
636589
183909
419306
84945
974403
310518
850826
664186
487767
812235
823950
49590
868634
170059
487069
832817
765023
126456
526415
197899
288418
480571
560128
963773
409622
380429
192324
729372
958844
244284
850791
757617
244143
736989
495843
121159
977880
610988
645021
115361
211666
617896
999833
422424
362497
544345
580193
524603
530682
928750
417060
344920
106034
393686
973899
611874
903314
267067
966477
462311
609521
265157
734603
916427
341225
238290
848169
73921
354540
118247
966108
824434
6569
302381
826380
63042
596333
327231
546747
517659
704630
152735
532090
385551
673270
41805
289420
736899
310260
489503
374949
661538
252393
57128
770020
138078
462032
191015
888943
710784
460675
60743
549502
27637
315993
309854
926975
772370
387715
62320
308792
303904
15185
24219
366634
579324
888021
531870
365927
502439
801594
660583
892721
421172
959637
273096
151257
945860
373951
170232
981697
820381
230758
340725
479249
132462
177827
990152
429017
473129
247119
374183
874363
662981
803693
47802
632401
660481
320314
564677
783675
201128
564164
779681
372400
422962
670850
98730
240364
191079
623367
425202
16185
409716
479596
328457
429873
313879
759398
530215
911332
462795
247460
107312
654509
954761
955097
548648
233411
677843
555471
699803
392429
274684
532863
666072
704522
894327
916097
424618
503413
831906
475997
485607
409511
311624
911515
722849
146512
83220
912066
14416
402380
201711
225664
656467
643629
509519
473044
468178
917517
494844
494313
936936
348242
556622
392488
771225
778649
351544
120999
459821
559967
59861
751764
271688
33041
702372
336579
978487
663332
329711
245353
113802
929229
136368
816265
988439
963076
615753
199521
913655
103707
449715
110396
113608
138503
237612
349137
869990
245236
628107
993847
286837
845832
273976
54196
208292
565092
29430
593837
799071
760221
334659
220600
904240
117321
57826
817034
855211
268052
605663
179018
961685
385185
675832
164269
619337
95280
53501
171129
130700
578284
688229
494750
857968
389084
402593
894356
842822
769410
849387
681602
197264
157767
258307
764157
313469
341013
495303
386648
698535
517777
538289
167226
215618
208236
582206
374775
926177
896935
195987
999462
64178
938776
725507
886811
933095
199389
72834
209310
467091
199417
76034
594763
620937
950518
599328
900103
697057
924903
644918
574377
745906
608944
980302
784268
616858
226869
994150
547373
435672
558021
445950
427797
851641
338888
46741
369336
458860
770588
127720
775116
243088
828251
138591
369127
645832
778515
126992
902500
43268
895935
333584
681812
797946
372453
384455
812457
10083
833244
454082
159498
142215
407463
29438
351981
551529
606990
240910
793079
889253
196581
990948
14351
332643
104585
550104
832792
734624
237120
785977
467175
306830
786285
518067
956622
207196
433427
565684
138589
962361
363879
182495
902950
612816
555022
696316
89088
685216
653422
133305
957507
947602
400477
379321
698172
531010
934217
385985
564552
562389
25114
73843
403036
371614
987033
819191
118339
548313
434510
774870
840763
336184
481638
199085
683311
783275
346032
521558
266007
701652
537050
24816
990107
329978
977035
862841
42898
904340
87457
172719
559330
408483
331079
391160
342917
142216
152606
591211
216177
479670
122443
870258
919737
116400
233503
104027
576402
70761
304428
929213
977549
820890
832610
716377
307723
849998
148383
772452
701134
931074
532283
686720
100650
114822
958067
864291
973954
264447
156016
26328
318883
296367
797926
86531
174811
991054
284122
19415
241761
302799
64049
439007
714092
756535
798828
818566
659913
525036
333015
955444
147418
647238
193285
163345
340130
110574
686539
140834
287498
974729
94865
794376
536618
674645
628759
901536
724248
186138
825144
190852
293158
962659
788225
635622
558754
817090
847321
846366
754354
103845
828078
878507
958407
295637
636386
416070
84017
3251
375598
657720
348548
578397
848146
717649
874868
107711
326261
500673
670213
54239
660330
749202
126141
251156
577645
860612
154098
886210
812285
599072
964267
535578
104931
578448
487588
978972
179347
365810
286742
236209
302492
881964
84728
56906
683808
980900
420390
532961
684979
338937
408260
917107
966449
132494
702613
464857
366504
126993
938370
781867
520953
325365
617874
880220
217987
960561
434520
816843
928052
480410
751518
312562
240407
24074
594785
303948
417120
376483
359183
650616
485665
300614
81339
662113
229956
667985
792437
190684
806933
756472
151266
494414
164849
173539
369892
160427
826843
944653
808614
106673
238576
624280
537957
85487
774536
724120
476625
490470
619805
84661
326499
433765
261548
956639
678335
592626
859445
814374
172079
816939
641711
239347
109231
803562
971811
426877
155053
654768
331686
958727
787437
988535
105031
818194
576731
614952
356432
210453
674878
58602
379955
489064
588876
329807
427880
419607
277143
32290
973891
564184
280272
860724
65260
817055
250288
774258
678801
24196
223657
132374
621977
280321
969552
113878
973197
409239
991252
90836
596639
431085
347991
844492
112738
527304
558209
653305
274763
296437
932274
183210
866668
506285
830725
611766
572913
287376
448404
631472
305496
865538
759157
528994
938422
725505
521885
818172
479931
150929
626392
322465
295605
657719
254857
830042
921869
76753
137849
670249
323258
238697
706983
738042
645351
48584
881850
592662
798473
532302
97376
513888
728658
403021
577772
564460
348224
185529
721627
297446
618358
693464
284234
294551
712885
62448
160975
23559
11882
875467
400736
873716
544779
590586
349943
745990
547298
300869
863529
335512
840048
268547
464263
606507
557285
16847
410138
801550
333611
511136
392668
288742
828847
984155
166843
289533
574609
767093
764136
969299
651164
478271
99557
950943
943760
634566
116436
232709
431014
117806
60906
974971
574170
520729
812334
152149
808550
676466
264982
646268
993653
244519
736556
754471
515763
78000
26087
76332
319245
865213
639648
385935
185786
748005
508944
941808
3614
934657
234089
74120
943293
802095
55216
157703
458190
317200
793559
841863
884512
386892
374834
789522
359351
698949
57994
70675
490000
858418
520473
665510
81637
916760
705085
433913
604107
381917
99697
88709
495965
277387
513126
624116
862149
967784
621644
768243
320962
108529
610625
84249
349612
920185
223767
590213
322016
886047
884865
219198
837303
168138
279020
130827
915325
415398
704573
111728
152160
973221
545041
877858
153164
710392
601164
596197
115520
63734
584210
971261
641801
408653
448487
653679
8954
332076
157165
899726
674926
790719
982789
483758
712363
850248
172167
997217
753148
728471
212602
281098
499820
107804
558910
771977
704084
178679
382536
698986
975754
57245
127691
70235
817728
158671
675446
217426
787360
763760
73531
827831
768260
493742
764211
149935
558694
199392
289706
695165
606127
9636
657373
821050
957753
996092
66272
134398
773203
258546
22142
525673
929886
777835
66574
682535
918992
313304
313761
241704
909213
28842
698321
949989
277319
642013
592021
709050
254298
323135
125749
581481
500628
584142
863679
410907
245152
140076
205473
844577
142960
489152
153836
197351
725683
421180
571035
730903
432876
150004
279794
776608
879076
485431
939804
456064
584028
766449
477703
65969
683104
913474
470731
26500
653809
306776
615306
442185
308240
535490
662619
105004
879398
801748
713342
260268
93478
713204
849957
751348
495780
800727
893681
619963
763097
693403
826966
740442
271715
947544
674019
250794
232189
928508
510431
67668
387345
392456
736978
559395
689571
909143
837992
939528
821083
546564
915700
336974
643783
234328
290973
17444
113596
506356
158539
360080
271190
356814
529432
933555
233175
328585
662221
134477
714787
684271
632040
129549
279439
219487
195828
329751
948101
491416
344490
883084
931310
617349
877246
31386
440685
403878
557542
981033
870347
93781
309203
797416
140004
51467
959428
874811
892012
976522
33794
648331
219071
856709
437251
310229
55109
605467
722397
541784
630043
823903
338103
362826
13589
173571
382123
587753
751023
624645
143058
529335
625124
175638
130492
245145
316665
237639
455773
26932
37268
590492
766736
7445
382721
893823
462381
734130
714757
55856
451170
632863
290506
102221
180420
270669
290407
460272
293320
803527
469342
87603
881987
558469
697294
572705
545012
208627
443307
57962
49897
831700
771326
558007
396360
438016
593269
337968
105526
471233
401026
485198
80641
745624
65914
553968
933163
227233
345278
225577
108247
696143
718633
736785
918041
363371
39994
458947
970479
943792
142378
420466
813896
7102
71100
858786
580634
908576
614232
558300
260750
522701
503928
910995
52906
913301
297200
351838
184761
37199
928070
235865
158837
423703
126853
894310
629374
344125
901904
729225
946590
394425
602733
866765
790618
285888
462502
316257
560052
365133
137023
393387
159295
372912
504261
620246
252794
873964
703794
561894
708946
836067
123614
388587
956180
959567
279228
45575
10820
528702
477301
89661
531408
8358
966503
725418
5773
95534
308194
696707
12031
970210
758636
203974
917838
607899
55304
308635
726522
13669
608381
627001
455383
428318
383598
922752
179692
20851
846332
284593
13152
412096
44397
370652
967289
932570
16748
50427
62087
679611
208618
156086
799847
845803
885128
835906
293762
100195
802793
692381
919887
938507
712442
885405
372338
316990
921736
227058
810812
750830
887951
919494
339381
611877
91954
562549
116339
87190
665892
844907
815474
160555
16312
534475
116095
820233
60865
993201
147473
260081
443180
92736
935988
175563
922584
624479
561365
924654
972222
745687
911229
655248
832730
738182
198082
840143
934186
73985
165398
618414
744939
69900
633249
43854
963498
998206
520686
678908
223563
521287
111742
853250
520172
493149
312473
502782
727643
169619
264036
505799
411466
481752
545642
292532
633597
434146
513748
691880
313936
712865
100558
230315
593464
938357
734366
663632
402963
529638
373370
418994
385102
100393
968071
884863
459551
569080
818327
407735
626569
508298
180693
250619
243108
598402
349054
217921
598971
692425
94185
749732
494139
890011
451214
895570
950397
994263
111690
69642
662213
764589
160794
7993
238124
849091
230108
50023
342277
190473
770188
175303
107097
949277
621238
80213
446316
617585
238591
681486
399750
435737
254925
505169
337563
545457
803643
445095
645579
476933
536302
855666
510911
677426
218091
146220
188415
338000
434075
250653
915871
896881
368188
104253
675196
316970
987952
633187
687366
716462
769860
580069
752082
730758
400685
596073
874834
297409
584116
536573
592101
470451
143832
429324
741595
613810
344997
533192
313060
513647
636237
678775
344078
845254
551334
352735
435299
180968
90342
943662
394496
621481
637830
163126
275916
854555
63842
860716
860740
313860
611538
501901
579429
338271
102824
223281
363682
171099
816507
137925
744389
32481
617403
966200
194812
730379
872413
912670
721314
620718
792025
310691
696056
600112
822249
992470
29331
21187
899954
708159
818818
406851
919629
573541
367300
942977
865132
347869
910744
426405
288048
973132
979700
505040
294452
900624
166386
177975
892436
213058
278420
25357
489639
859079
721921
50223
877593
655928
218654
268444
140301
305045
74220
849405
348620
989770
580414
151196
498351
185110
361073
12305
95202
873331
616759
150283
838896
208126
52019
110448
594607
852184
495640
428704
923787
291610
768201
187133
867545
734898
584353
4763
1461
78806
274864
415101
406500
478846
903894
123664
600274
424148
171529
540217
447942
776855
15091
360074
2470
902080
442620
585300
317824
958732
189195
879408
822011
332684
825222
328303
444003
525817
962711
716280
551920
37273
900861
140317
899772
622073
79532
890457
295381
38086
924659
871423
19414
11777
383041
673819
149757
698465
667869
606193
709714
681805
436643
346252
873799
363356
968791
275693
570623
15535
523287
334056
535711
404691
262229
309120
833765
595774
202820
711368
813365
702227
89106
735753
429239
85727
790628
663263
497844
997588
475557
406675
199196
309857
961799
658615
537623
747779
114748
295774
390890
610589
182152
761448
653081
74146
484883
160817
82452
792175
820755
721449
149681
153730
393300
197922
121355
479634
608167
227442
63004
932208
949230
706553
488579
518520
570429
982082
180005
351064
636789
197195
740723
120390
690909
61637
798197
376390
984912
820164
327821
819187
330432
361704
308132
992657
312419
471530
136384
945353
870688
797795
814415
982067
164094
440931
565189
247344
136737
329225
46620
748533
347580
6104
805610
494316
901496
805320
753873
665081
931129
950225
768763
379103
178414
94940
625485
424442
168650
580709
278533
807220
68118
953423
534909
654834
81217
461902
732526
705450
640621
605526
565426
626385
343143
739133
422273
812706
706764
78549
843339
218420
195912
627891
99497
526193
360886
906775
678115
443758
344710
369433
177026
767494
861263
946516
888750
733445
180004
712889
160954
6073
755721
690467
481824
873771
210535
774026
524868
31767
156846
650731
39036
957203
294318
942059
257525
803210
724585
91800
270687
959790
110665
358481
742070
715716
223555
637926
196446
589856
328952
375654
457923
930025
488241
53766
325857
866268
98793
317940
235709
982381
251298
802786
28437
479275
811485
814457
441119
756804
568521
824898
6862
362915
564024
950059
515342
41975
508592
342904
416591
65201
394695
489954
757720
318058
366555
406778
711427
440765
153175
473387
100535
122821
907025
315454
736910
910387
818308
543138
896342
331835
46468
17723
942040
32794
183111
480076
415024
954074
943453
86988
834737
416356
89319
545858
830755
592137
681596
889051
967560
61754
812675
401843
968295
545377
601990
117769
807607
71467
775403
568619
973589
644603
870244
960330
818129
287862
493724
618076
375353
298607
47795
772048
959300
828906
555967
548722
712371
905614
278019
290029
601686
679023
470816
85004
15474
736878
194703
95678
538379
462292
425350
962683
953677
634972
813770
247961
380350
276224
349070
614827
380711
385939
478733
752491
124495
996526
192723
56808
351193
422313
396159
805929
94962
776764
999733
183711
414944
593135
419489
560825
775734
561566
173213
139838
143448
97410
517910
492994
276069
307971
322989
897568
394245
319094
801503
321620
300303
266758
214772
691580
777008
224519
64751
831752
529620
114076
637532
494513
149352
187276
557539
879485
265814
943406
455347
291422
740918
590931
96091
322041
35667
128881
716449
512910
681019
326554
685897
608143
609470
853206
454850
620636
288166
349874
544452
288472
548348
656887
738927
503909
469036
791993
783742
761659
962414
710235
596488
42380
969949
727942
40707
158206
635432
635545
677331
917392
25693
598952
28494
382854
51537
614123
901968
513309
158528
457179
322128
985365
145704
201270
889168
540221
494469
655701
689303
710324
792022
742080
655114
830685
984452
342001
930303
288499
142488
531889
933488
615699
344736
129684
500657
275451
933899
897422
478422
468919
363929
621100
155931
517503
791558
188172
881237
23149
463243
32594
480131
130835
375900
262274
757096
509419
42128
34478
437539
716403
941756
427104
639096
146527
193176
59420
22325
901526
509896
952075
555080
417682
828188
755788
671152
198401
386567
209552
56342
310958
121573
966610
351019
600490
209188
219570
417630
671511
447731
600120
137936
299603
44945
874986
834269
916114
665866
24522
661572
399699
323941
405930
704954
494279
688635
167395
6862
527822
549681
705913
507675
645341
760343
329305
535601
798249
797046
986655
351447
197134
765873
831526
619406
672867
981569
854675
17975
379424
193301
9373
459964
878923
763672
309931
195054
884071
81180
735501
13328
694734
737681
355260
647460
693926
395679
611633
532090
594603
247821
875076
271303
523748
803347
202531
392558
456083
772006
192809
334220
68978
731949
202607
683678
275926
319135
248747
716516
641984
944905
223449
500213
615432
696749
653441
637287
190445
594048
969628
4797
801609
823254
966565
174757
138815
860995
930485
101790
247455
482577
427079
871514
971361
849124
357243
422
122828
49005
17798
853021
984041
346196
217587
35555
6804
746065
185915
181717
172556
441896
23996
861435
83076
945703
760779
619223
795154
755098
917452
537160
901852
862665
611188
575627
751362
202384
154737
82121
724899
753834
366699
787488
551552
822397
195407
795530
994767
393439
90912
185171
317323
159815
913615
6196
524908
162419
139440
485305
948964
108299
70307
947037
594320
563862
561224
275615
323793
913466
72924
133390
248489
356327
309102
747050
147961
245003
222603
964998
757845
782973
214006
772107
874354
861240
102934
268621
365602
566829
146882
728420
920497
410061
499738
151537
168739
441144
43430
323139
272941
336747
257883
845791
219094
988658
498952
686316
448350
702379
779026
188824
705918
474758
454094
170472
696590
955676
443284
8238
386905
176873
87008
618690
277393
346652
98164
956738
271645
436081
403391
345051
619702
722238
899693
277866
929600
286806
173136
708906
181597
902012
213551
573982
694112
56594
800780
958434
868756
696459
988099
894995
464623
770355
436649
969126
940662
900663
996546
369674
771208
542081
136613
609277
436344
273111
612105
160955
258668
391934
160557
727274
285194
592296
327844
742449
771859
87748
563162
174401
433464
373050
62030
365460
779595
677334
75329
852088
513331
720057
400113
114114
961362
351656
900524
503969
808951
97757
316118
130792
399279
158791
457594
860809
532718
503847
589045
434866
967105
874743
290034
790315
714977
647852
83982
254817
188810
29544
331442
304027
331746
256749
302995
947123
51093
685730
467869
629943
647506
556370
127461
384887
997439
71147
869986
72219
133957
310345
471344
164991
605675
579175
881482
48235
740622
537569
644041
104630
256692
966845
344829
518511
739522
174719
581756
276398
438885
804971
121519
6401
843636
502070
747980
265684
201038
364261
221110
542194
807697
108916
426477
424930
665799
157561
391899
160192
259867
539089
334321
646395
446537
300708
245764
27526
84163
527652
967838
578393
272319
703156
990680
889926
276018
916554
860929
269505
118862
854380
626672
282351
827162
920039
983116
941146
667787
633226
24399
871331
861048
399897
833710
960876
972104
134725
650344
371065
936326
206117
398908
117218
792832
982568
828514
706768
163434
440274
30178
981270
189767
975267
335800
486463
538112
706983
475175
481256
598867
200208
816635
386336
685756
33029
746520
813215
809363
942159
972293
754995
31748
154268
249116
464327
965629
811427
731162
598408
265483
297154
603312
435001
962004
521762
638548
119967
849593
414782
899020
711604
373177
659206
518031
159128
240882
76546
695052
663825
368406
600513
51157
197207
435824
856079
938257
318979
894754
463344
298177
80394
430957
113833
118650
400114
782705
600376
339799
247749
197348
528734
399575
605615
326911
685556
158414
45857
808311
597547
166058
855073
325502
883148
596925
662041
430851
591118
419833
129488
523313
938816
734356
314476
993861
133439
716160
93475
897522
286912
299585
600222
479886
652438
885354
902934
248621
429233
808054
321159
952280
440705
611116
473729
115320
907911
951037
683003
625915
959842
48034
15247
118860
168743
392993
494007
517103
323901
52285
817257
460421
491121
539801
877670
467199
605354
272378
119343
444683
946890
29114
57712
624386
721346
300906
389212
583302
42814
663812
973754
789447
178428
323611
489540
43933
299987
260517
842629
383827
880779
218678
22565
953638
528386
417334
292887
182141
539903
857016
607463
339908
965929
518495
369057
366257
963050
433400
967603
298192
768731
388277
527386
904423
643134
18670
483130
311746
562951
882558
726250
736411
624642
164835
298847
517785
898442
363596
852088
754466
578090
317719
168230
113317
480597
442105
15712
109872
379785
995944
961451
24724
999130
590401
703974
946232
264192
180358
168632
427048
221198
231402
378283
263118
792962
124644
789086
692117
771122
690461
874106
247516
467670
845668
713162
869071
680121
960516
874562
75544
802574
881264
75354
856466
356841
575737
806415
883193
69234
513466
85664
12119
103095
14864
738190
332404
726551
546832
530771
64952
679135
962612
247867
957566
757827
904327
477398
842553
708867
446040
771531
267551
750693
757366
707321
508816
907846
332472
644543
399727
576245
641932
66782
717944
215494
926560
903282
974885
950519
29322
222654
334246
917883
436290
928152
685832
994406
117900
283527
141612
758535
891205
177533
67435
147400
191346
365918
272162
852109
690878
587529
842196
436051
749254
464193
920524
939437
337590
693823
212952
149772
757500
917286
278331
152294
64453
169631
483125
434655
788694
356188
522961
992384
8642
267711
424945
180193
527106
263195
125190
671433
299178
604563
887380
844334
97806
177255
702358
307901
929623
831401
238050
539038
946376
139329
136803
730704
568339
999187
367173
781518
543393
187463
703729
801488
522370
843950
146644
805605
16974
583389
508353
234349
915805
793811
433630
223187
927061
980752
619072
865566
769391
230585
935612
127421
786669
929658
901567
205757
75436
426519
512587
437441
608232
953041
708173
893023
150496
620674
782170
398522
707240
927420
257497
358034
518084
899659
214663
672187
230727
653953
751207
610622
324591
903862
257649
377491
394782
315239
18042
562340
823860
893021
413491
777725
213085
979168
749543
710586
779319
373926
608152
46040
577581
433153
197640
327266
727304
318239
636021
689013
912775
410451
541165
518599
921186
979857
942989
758904
266693
704789
996516
652553
433134
458948
518808
943398
624447
760379
147106
686545
328835
453725
209786
985849
434410
71454
896908
870404
50208
91230
334181
659584
822388
128790
915310
148235
142123
334834
85189
696551
735747
710218
433664
337705
241379
228865
840201
653627
307335
28010
778323
826420
809656
159712
160061
689149
58118
618022
80630
92403
436882
387948
958326
617736
167806
883859
191224
829371
667446
337474
48082
413239
934358
893852
944219
837346
208910
515368
32667
537656
716092
369490
566189
125294
71330
480065
296650
88098
104232
800997
205585
864857
655055
975710
674767
774426
809085
279081
270120
932881
55826
206943
229000
166909
759616
941436
502796
785324
888235
241095
447791
486277
214087
898417
501716
316260
742069
693709
96445
447790
258471
124365
694412
173081
980804
178487
894031
316469
929754
79381
614413
722632
967488
484232
169638
382376
342800
760922
695882
492881
960463
79017
659657
522833
622339
475411
701590
450890
859881
335795
647765
382767
145714
867122
330164
920213
705662
823829
720589
974808
587386
644924
510447
289470
328547
116784
514583
177603
522794
7034
383968
918773
838118
831005
963414
693751
897031
979756
968
811749
695116
26470
720201
518056
492872
758242
311034
688353
960136
678078
625257
862306
643069
665649
116371
67246
936757
656398
317501
784515
823418
531614
273852
846428
834360
544684
346496
478605
435941
131811
581443
656925
264404
662923
432134
294748
45666
827408
465225
956738
353632
869863
840244
81087
569791
696577
795185
430867
8656
70421
194966
364329
434654
259755
901087
768128
398608
868566
432499
219716
513771
366216
134156
296602
36016
474713
15899
420096
739313
931537
125980
276940
930781
801871
976859
599386
639720
993899
232931
876381
168122
666215
827967
717431
697788
991709
522592
976229
918577
145463
897721
71275
346393
255870
58073
1659
326619
442377
180611
462150
623117
457077
166771
905098
944177
50900
365870
897952
990400
151849
842041
283091
376339
628904
311050
387768
594453
630579
419416
361409
588715
744186
860347
968004
283988
986693
193412
244299
889441
579325
572640
88930
38964
698090
696643
391183
943518
756202
620528
885966
69852
40355
949852
757705
303161
672412
849134
661790
739578
335791
109658
417943
845044
129515
742297
113345
633102
383168
590226
770714
193843
577008
833752
452115
553728
410120
915709
625295
681155
996093
922237
586499
960574
543477
272259
560511
639888
303769
301967
961902
378247
102352
971548
956023
866417
170465
103732
487179
607603
984669
812149
5778
896298
313373
756900
215278
145581
39831
630807
840986
334044
652855
528892
91494
82457
598615
172544
613587
853449
200710
76253
134471
886461
265880
776677
21090
642173
186819
950211
873084
908546
672562
275290
289771
2774
724599
39668
726641
144207
130437
931317
75620
542109
265917
5857
286292
774599
36511
205346
91041
881987
202549
865425
132338
275805
433425
633388
520214
106201
233954
12506
905110
432942
348098
122289
447135
222525
540110
135384
836372
424926
402910
525120
587760
763008
373315
679619
843674
256034
722027
445796
591284
271853
414333
737079
591886
202028
340063
840322
55496
837409
125937
499078
634102
611438
161074
131526
187264
13286
380875
701873
858402
356721
12964
234731
731592
443307
841433
814080
987445
465355
495698
103802
391333
256003
924282
68065
804624
977521
131279
150122
464505
826600
696914
821199
113539
874898
789288
161489
837318
817878
720983
147880
176782
4176
483832
153572
788372
506056
683029
9518
525541
279256
416079
923498
283143
273812
634510
827227
583303
87706
571125
943289
567742
809759
800768
790742
504917
749895
268768
630295
907076
992213
212506
777140
996568
83313
814810
962414
254910
654780
863538
324198
652681
609972
802862
867842
491975
432275
705020
705810
522573
711330
676164
812200
623143
667733
549070
790619
202653
83100
874784
530368
985818
924716
873639
30108
739235
171343
265593
905969
89085
993865
595661
618640
22529
881630
580779
588374
176792
408635
110989
595515
154160
744667
275189
55274
987605
392337
287305
417879
478528
894596
553639
478279
471234
847139
640121
323349
582626
670315
316386
929638
412391
465362
622229
622546
589411
385501
424288
180127
12687
294401
813332
914216
496582
829621
994730
581307
485548
118844
809375
99457
145654
360072
405249
299733
630371
836796
779939
986574
645432
24680
303804
476415
169509
602185
987352
224379
719542
14164
203036
721702
355340
880784
42543
279325
499392
885745
170340
723949
984507
724902
310395
180593
741981
421951
716491
649716
492604
510190
671312
797342
316199
692758
232542
443953
244920
97728
795855
483604
71800
874574
228106
100489
487511
885531
195819
28826
881953
646153
183659
466347
677754
495841
577761
985886
733327
529399
45349
167805
74648
908059
443958
613416
226873
372104
262835
801781
536542
691878
460979
865576
748022
280032
799045
623048
447565
621168
847473
89949
866747
697351
725264
575939
573955
356396
920498
353024
235944
7261
855823
668620
437588
71820
983640
602771
370867
978793
373695
368674
486396
873436
940381
199098
212837
621071
551672
910654
940015
604652
372615
695518
307212
522966
483298
149410
693855
168834
336901
139161
758615
553891
203635
867446
75954
811420
799997
571264
865673
880601
701936
250190
568316
898954
460407
856619
483025
615235
106669
579985
828116
608426
684124
447941
710109
51385
757878
67798
473994
597484
420441
199947
464277
367887
972708
141007
138817
164600
257648
887953
859989
884100
56967
436349
232674
627962
228642
657102
86409
435781
518952
208975
708478
652880
582899
230862
652429
207298
501292
861758
877454
39677
503967
341225
451184
403746
162426
823388
982920
47555
670590
508083
85388
475650
111381
59485
808147
674615
634754
991542
290284
219268
27824
87824
67708
440221
221387
468471
92816
967149
283964
486985
711644
123092
542178
743373
553597
256409
725681
537128
557846
597010
759865
593718
552519
816306
767314
812239
860511
375740
439603
671140
99367
452069
607906
255154
521095
729747
180401
232465
77540
418496
686217
509793
653104
269504
232385
358308
162000
174719
457692
59455
123202
703693
974515
232032
891830
990627
198593
25714
508471
75290
452645
998133
523287
735780
820856
319339
633312
154527
659208
696672
340983
323266
615801
202845
479351
824946
873547
779149
562855
703791
435618
223690
797853
237225
175816
751262
838831
9393
68660
907793
196514
225205
197611
559286
613599
431537
467866
564970
821165
979491
278911
439327
300668
684933
51214
51043
7754
256269
463595
82529
297889
456278
508936
355794
441172
462404
184794
134310
363887
66226
424280
441600
424800
802676
66469
242029
770339
683243
542932
844495
838356
300920
999097
92999
946818
819588
710798
167578
241433
914113
535030
143566
42903
512549
340619
746084
366331
146906
693026
30002
946537
548119
765029
444128
936083
543825
461664
973265
818099
319692
986924
755004
342291
187347
647785
842190
126440
430922
147619
120128
222199
862285
228809
923495
506120
949774
499077
656097
385617
860386
36710
862010
494349
299872
788566
285020
859660
493776
426641
680821
351640
135613
742416
600174
42915
261863
564635
268572
721947
189114
770127
667221
90519
273539
106508
229951
846064
999910
100894
360612
687783
964988
334033
535422
406307
642429
311681
765502
312356
373147
264656
977561
851037
51606
609314
637369
933573
225830
857456
43894
224309
313626
288598
904745
852517
891765
200768
449909
108965
336603
504334
724832
47432
797258
485808
240971
280723
645131
867129
657481
956537
260939
645854
68155
66350
652996
401255
109900
103912
823999
771982
970535
200733
659903
87356
322624
354001
60587
804021
755279
185703
990981
553640
816715
866422
541469
539394
856926
767690
151866
476241
402792
15155
93833
702644
378507
171831
607583
902791
564434
634805
751033
674938
869722
156877
809979
22780
271641
961523
818358
495498
281164
788274
396370
874106
54467
547318
294346
915904
448629
66056
61129
97324
472600
243826
481899
613342
407833
189662
462308
127359
953567
75310
999440
150383
817400
293594
666989
147083
340425
450475
559576
906522
776765
945797
61907
717931
389194
698860
821201
689
365694
564935
359991
249833
886969
359934
340699
174104
303400
183218
318820
376020
23550
1666
148908
709336
227757
658209
53591
857886
142589
600208
762691
724073
228949
520045
375056
860860
22698
673473
503473
597098
436866
129752
411965
314328
394575
428773
839812
859135
657916
719872
887946
596990
487167
158308
97051
612680
284408
190326
814291
973564
14028
996190
284325
432642
958471
240508
33040
49596
160444
936806
977675
743534
762528
532811
998792
8214
812579
706717
167752
869184
29589
103320
423075
545951
481778
680922
731558
307353
219232
162162
921672
234370
120367
539187
719903
294366
688851
758992
603175
500007
299674
769293
965747
393775
604867
528399
616122
537261
26664
441422
613300
668316
684824
875448
32444
247138
812512
901534
43747
975816
938871
513421
86535
729352
474577
161488
330683
67440
87909
223747
712104
946101
552677
799762
796814
460587
875705
72424
523103
922905
151214
129054
463235
508967
63589
87719
870329
255211
480616
235617
183529
698801
498879
580695
371939
749041
364732
250144
37192
962813
281955
873121
363947
739790
505223
871061
120352
722616
721968
186580
45883
5328
349663
728559
216484
445282
467436
842102
707144
217907
996965
651246
955776
731345
925530
721391
311158
563926
691936
277255
979076
339165
842636
148752
887352
501435
110146
737720
310761
94556
708831
967043
635012
622325
814991
332955
614660
334729
470174
601523
378449
239477
980724
220268
258095
392102
885284
332199
29531
628706
718398
137276
141347
636166
746443
828292
11454
821167
116084
95648
63338
760606
100506
237702
176748
463947
410381
797658
989026
328001
551198
769858
612856
544897
543167
251521
960009
65937
701904
762084
870230
712325
725665
691363
547043
46014
806863
677653
570738
510993
531377
443853
681667
671204
738691
347918
58280
102925
470031
825843
423850
347193
451481
41442
738853
944867
956652
506063
723547
819802
221237
619812
23926
453794
83012
18742
516290
423256
79201
122797
338811
907688
623124
278203
556405
903041
18675
614813
486843
700882
260118
10828
236171
52266
752216
20126
770523
601588
108757
994454
265232
131890
23643
976006
662366
843782
225992
875117
491775
932888
738050
441044
491077
726456
951390
117211
335481
382361
463099
910096
562753
890317
599929
335498
271977
795789
176114
607852
372177
595320
241565
856053
559485
234076
484085
959739
75854
131998
45133
858105
930616
936744
927418
971924
196324
965385
938574
859854
285698
471537
393373
891418
606338
332378
143138
628754
518780
65959
111364
662769
201886
791723
476108
820353
483431
567635
179876
249644
314639
660353
184797
779699
762653
618151
83514
847552
837209
360674
473931
975422
345739
918931
198751
378250
238778
450411
819240
478999
534603
917911
858243
426870
133932
509976
621971
750350
403107
852239
146080
959574
834209
121898
752202
745775
915130
844885
230186
742535
359658
892650
53251
25400
370590
672036
703058
372307
716856
839293
935149
104647
193372
893302
98383
223173
860147
491686
772046
767934
201084
268243
478569
418780
644492
745553
936583
442613
403791
770388
747023
143411
251165
842554
953694
17379
67353
53897
129078
222491
21612
850545
436945
681673
246716
928178
86704
922422
370175
670563
182447
461321
245493
252247
784736
346623
462964
906603
38527
130463
490386
673283
110104
637626
648001
900120
943783
91004
122479
802814
160596
434370
200896
853229
831780
628187
202166
749122
65984
679322
810632
242893
937579
674514
800451
405936
981869
921819
371658
662990
409453
844133
406571
535161
105407
722028
71329
821933
28550
35942
20399
475330
602096
624192
465842
670620
269938
346040
17772
257686
404105
438313
223171
538778
900365
378786
377901
18212
943174
246217
478087
717376
801253
300616
144228
856649
14878
630907
292224
140560
729841
141894
53568
712492
136115
117420
541236
692666
287055
919467
113114
403102
953945
708863
661459
194168
447626
126210
530857
700592
491461
703103
80069
304993
626090
13743
812183
211768
275150
683556
825602
424472
401774
880629
23908
869401
678256
691810
769796
164229
706493
270754
196732
43272
135925
110301
187055
123668
490620
585208
588052
635906
240479
710040
834454
507272
626344
115869
59329
40560
108923
651368
553051
588743
81359
920054
135662
508039
829853
965011
470357
149097
201870
272942
409946
294044
243219
186179
244198
794128
280738
658134
829990
940255
783918
366235
429771
491250
454729
386589
64164
180004
628998
644463
974570
756531
374268
970313
579653
253381
928298
926703
49959
669795
19748
319555
287102
866767
469615
988162
913498
299016
500355
680892
606418
638270
732051
494444
262761
174768
664553
988488
590727
633213
914966
17848
589218
171337
875766
961921
308951
512783
195015
115260
369850
523158
362473
851371
32205
894125
160033
929457
544537
733568
138832
204583
895183
751639
96052
577398
618839
817438
610138
409920
610941
76912
562557
797103
904663
660054
626793
55920
505941
558656
481102
938951
865384
271700
931177
340209
611972
744256
783701
407763
267371
370723
653688
859181
802515
922
519953
88771
856441
37400
757404
114817
993367
607190
205644
123607
575641
146785
105209
986081
240804
474419
110620
641667
919835
910760
128933
229763
165287
323152
129987
697762
882945
137840
916911
799243
504705
620642
860266
718674
95293
753856
904593
399534
758363
223546
510899
219286
171321
717453
252191
233119
821399
463731
321541
413179
992108
711421
424068
333455
229056
365336
226885
613133
632408
894190
446440
231649
131190
787663
613264
993676
908576
555389
813167
956720
399641
551206
145110
370897
71577
735186
33783
530960
334554
23014
804355
143935
998369
739225
373626
189325
280481
212825
482159
438105
345338
9239
422794
525376
89051
162847
689907
791368
519006
994058
748851
646224
772245
301728
215157
433847
992160
506489
37613
205020
878763
477239
838328
324375
447567
548657
807000
871952
95727
582372
547145
628533
466871
741701
990860
403298
328909
45988
38435
249443
998812
305279
432834
973029
46922
971878
680632
355533
638788
998185
604753
842528
988289
379017
525423
588790
830869
553417
669706
761403
425007
820991
403205
782513
463740
919383
346840
716021
52231
644035
614613
569324
973626
53486
903131
772222
230906
280804
239132
218222
990132
105156
996747
794871
748671
270948
621872
403707
765007
572469
27321
769220
484063
149759
170841
380524
109214
419804
110351
297750
360046
952590
199633
214307
330274
203569
786096
600990
755108
845473
184194
301459
709709
968847
97785
11983
103642
311269
467402
400803
389517
51876
729580
521430
762058
395904
141461
795101
146950
951599
481679
404185
343059
750690
565670
2249
428482
118103
478092
337648
627709
594404
735894
664008
186692
846565
152043
708749
853448
262770
512127
854353
517901
462409
234621
998592
645879
713174
531810
70041
833747
636699
684198
232449
113176
208871
489098
592775
316478
980345
737319
487705
654161
419671
344099
745323
705609
31547
36170
363456
844577
345004
941088
803209
42680
372948
93391
132872
360834
790482
461044
969140
861206
893302
191934
23044
276440
610510
111360
869030
450505
143026
185801
696950
223596
567198
464379
486545
244963
323822
566939
548261
850895
449767
896448
317310
94364
699652
594209
862152
727770
48838
650474
794460
156300
119616
242294
243849
347360
686449
147494
713947
418245
902912
221522
971580
161641
265323
306570
471044
404752
551847
344050
91702
646182
219865
797351
408725
454321
630921
67486
141170
236585
326562
345955
474129
60846
678383
133949
356133
604662
62908
442316
681058
166138
201157
840721
105352
149634
91656
55997
584477
962896
644919
628089
73233
768083
491161
257434
87222
721561
728131
350594
409686
936151
552773
962938
419670
389886
682197
809868
662614
888434
322665
374259
59833
230619
749429
870351
813769
210252
578206
67352
694386
560569
756382
753647
149795
473456
597905
99988
60375
733415
702157
912902
17688
640647
909164
954177
652865
868974
79586
225517
737541
838684
179529
606869
835545
473251
81820
110679
75300
759546
554802
531228
849327
16440
937606
577590
714412
385135
41341
970788
578198
740129
365669
140957
107623
952292
980057
400091
702144
450367
541886
2208
938811
75300
266090
687955
43677
819775
32540
888058
179622
725375
730783
113312
497525
769816
862745
462489
386825
330095
21599
48570
922309
833361
261222
283834
453660
600486
390742
821782
768513
8125
650895
865605
502113
819424
34750
996402
18846
503056
139388
517845
982907
232256
14977
66228
225066
952698
104285
295206
336154
869021
332869
353166
39631
128585
465111
558629
757985
597360
434089
716711
661007
912116
887304
369391
717107
456217
272035
536625
38274
309940
473007
177478
870126
352611
73960
314044
513619
590737
459365
40635
935591
17288
121851
151298
820619
201399
67024
916118
904129
709731
185449
317029
1678
980928
919914
404082
685637
539049
726192
80702
859778
332019
391920
689710
924396
424428
628592
9428
17685
433099
826885
330598
249125
657343
9491
960026
522020
277743
825459
966567
667327
747459
605836
70564
200109
313685
695633
991007
161964
735083
348060
158140
654295
720299
723345
716001
803353
435319
988843
63466
861383
911235
135391
587902
850300
142500
75999
647851
834166
678021
498940
565703
381901
168218
133387
344465
697471
500771
830253
861442
975045
212266
645228
393312
832942
943776
869793
860061
822551
972999
326889
148134
454763
726559
821747
185547
472996
592128
209144
133481
92791
15128
353001
560833
65686
498665
263102
851503
980093
713463
800005
320890
532831
967731
649475
690550
268602
51916
341451
181555
745905
242154
188499
671426
329653
567030
360578
141093
994258
378264
315829
182241
135394
646387
342956
197130
501481
72025
614871
299028
862584
172463
433907
898535
908606
597605
997487
766881
412043
441046
214335
619960
783153
647726
742697
225135
495036
452642
344508
846183
249135
303613
896959
800153
302115
879388
472449
684066
775526
582071
989778
760578
540467
495344
206878
281838
9346
8217
624856
532439
802572
624646
14239
828579
294359
444606
269709
5299
811960
209823
615167
331222
177569
970970
485576
725661
81156
431737
827791
422009
773025
953516
914685
270150
912358
422899
833643
36293
326121
568717
573366
818515
473210
507547
526455
918715
701436
953721
387190
705295
887974
574730
944984
565211
803303
844036
448279
519021
898728
644710
788067
388965
130683
28818
175102
139127
671672
424393
663420
610344
766523
205104
411549
953276
750414
664046
31276
613997
106713
844542
514731
381593
991102
425464
769767
290741
544828
499651
649934
749339
553530
950810
911036
187493
146286
571375
836336
495855
667855
681726
375379
125453
69122
935654
768536
685132
948314
119908
465281
314864
118523
983988
76647
792164
483343
643180
472051
894137
358353
571425
481654
779275
795756
95234
994806
251759
145308
85143
252919
547885
37156
952503
474895
451323
299956
347758
481177
953764
457494
138293
8406
573202
383829
351741
943053
707548
273708
102113
715241
810767
212817
884778
752067
647390
550641
611250
815287
714758
804551
950648
566319
66863
602925
812004
90569
66286
931060
516165
854451
8808
728294
509581
596788
477145
327878
521966
609208
694574
790781
288497
328527
965496
396921
283388
941861
548166
286529
49467
39437
435687
932815
377411
190936
596083
45442
774067
572043
202836
1008
862632
535150
376193
648651
845098
861393
446024
600884
211437
613154
872739
974816
48406
242586
748308
158201
647043
321614
409665
27481
461028
814275
687476
208596
672780
788370
880692
341279
790873
388585
778325
857507
456980
498853
172135
816470
374761
992432
935476
731748
394068
691629
143241
789365
964489
976059
25076
174124
600901
432903
68858
510407
634696
531684
4474
374826
327159
229981
20551
972196
631638
828464
610817
982007
259557
650170
264792
206520
748616
29547
552712
488806
481855
174261
390674
752437
861618
172817
683491
355221
416152
432695
544604
986732
587852
268997
690294
390627
415657
47723
845757
403560
640214
999101
420089
396350
805104
536282
783569
731870
342294
77787
81933
447609
72217
116046
157368
987185
941437
690002
214148
480252
602095
801021
908282
168596
811402
405355
485808
40116
816131
873261
14816
332303
371592
628001
113801
151446
828032
673743
476081
199849
566365
949360
919911
265730
761750
668106
290400
292130
45825
736851
826786
163394
689611
911924
252089
819580
768581
913856
897309
498223
743643
365371
335475
204410
607315
164473
858811
397983
329102
988584
412779
162545
679598
731170
421722
164611
526386
186729
61247
730911
549256
564303
601689
653469
706049
967701
254983
489969
147676
829478
684817
353557
101320
125619
808208
501933
249795
682120
437651
539171
583511
869682
539221
161825
606136
778135
656635
118433
167950
580686
258105
241570
380073
205386
176235
965202
841517
796412
846292
896541
368640
392787
10548
588287
147620
102322
892362
299543
595536
82125
390162
965507
590389
335419
576006
868896
256567
632282
74159
250023
327138
396838
750859
765364
670662
766384
466610
842503
806578
12682
466974
446891
843631
369429
747542
15066
980005
982793
494958
590611
487265
97299
440280
871584
463693
813619
766365
618389
852910
367626
580245
933788
562890
144017
28713
395116
536537
768788
924675
53792
381350
41777
428531
408281
491435
45393
448439
670985
335024
73859
182141
882817
844970
596930
707983
654921
264519
34767
971406
836984
757496
860834
523645
105682
998168
355187
210474
43086
484331
42026
829985
519343
656019
506963
869588
221032
5818
398069
474419
668549
204793
170672
113301
563292
75839
692402
206386
396832
774811
538509
613013
866557
305770
487663
92426
280205
32153
887895
27493
128386
948690
666973
116971
770670
462754
480151
810118
456432
377764
943077
784292
3697
769890
913793
197836
533297
863110
143595
124005
925320
712478
293436
964408
681861
142987
745185
620644
774432
618835
962994
279260
783913
458071
470248
237273
241936
499025
95812
803330
919192
171638
756878
883751
820844
148654
134557
974580
612425
833831
566071
392168
960006
887922
930143
288361
2743
564818
299789
305166
639075
612012
441654
261657
82826
929461
569286
557235
893397
642335
28188
685212
394417
55235
175174
434774
634958
462886
688726
713880
212336
605512
939039
37582
839089
801966
87574
323063
300884
361867
960970
832658
796574
676705
840646
667873
784542
591978
468194
790549
666880
956350
331772
921727
539121
83757
667080
25187
10669
719964
278415
242342
780028
711703
914102
820062
328336
185194
372648
615652
201078
668085
80893
416726
886219
266965
585921
461962
100277
39404
204389
966060
273283
888443
145075
53670
418267
237677
385086
598384
198407
11354
762306
990214
510635
906459
424782
655412
12101
978692
433169
203396
777038
313101
879739
745206
316309
170094
4452
225070
978104
911604
46014
430726
812119
158638
757672
739179
185338
714521
890787
43198
227569
527540
454138
761445
829757
347725
96831
323462
766383
256198
644005
142530
241731
178448
196840
337623
23332
117274
554377
474311
407551
704863
240140
387738
723081
839966
540532
893901
407444
474555
556412
443934
956728
889348
909485
726386
145320
159623
959322
961266
813907
587660
906565
384755
532253
57706
167583
812796
438186
960599
793403
454302
243730
211122
311747
469787
569642
130217
239629
428814
534953
540369
142121
490554
580857
295685
700804
137156
368974
873640
956517
841448
861239
344194
61545
501388
289225
520543
326107
566604
159426
916509
585512
901355
50994
86129
413480
847496
154687
315116
132829
85711
15660
550384
49085
549022
95600
987676
680778
265658
707010
248733
760523
935715
817936
444457
414964
755169
730728
280666
633772
359906
833544
375642
45929
280321
466128
46486
226202
373006
468174
422883
550065
870334
553484
66247
748354
891800
218561
529219
233929
64255
220822
970329
384723
763515
597720
42420
877469
19724
920765
567679
933414
316621
742279
779080
724385
994096
581065
195611
910311
258715
966830
70219
256787
583165
11696
134145
885499
588507
267638
403933
16520
49102
656887
728238
97994
25857
501690
656548
216937
46691
932252
2845
329384
831960
596959
61009
526656
65778
845146
978600
607846
791179
685874
999689
200704
947874
460680
600021
561039
556730
496372
428525
684731
906134
46290
173472
139700
524293
683561
240387
924346
580490
404550
478753
993358
890813
39877
157782
874381
793487
986898
265999
995380
580161
682773
808507
121790
837428
870224
678695
286648
272990
386342
482549
111123
319708
573768
253967
735473
865042
196936
694558
192932
820758
995518
542899
895941
296301
352691
83389
603167
877829
455349
66480
387681
842847
313029
368738
525589
97847
946343
276894
117142
643870
396584
54586
589382
523902
216290
429216
913770
448282
124611
320158
510626
732441
228101
785163
964044
308475
871862
71332
98968
522032
880878
368424
892166
223208
838001
438900
519789
469623
612629
570185
458253
537289
670040
104819
527338
76477
651172
263800
623212
242597
289905
713564
365777
703536
231451
729196
164042
193173
611124
282910
172756
4729
55585
610414
114129
646525
864750
966970
14084
106797
636143
333818
50174
473948
197044
744022
128271
355483
933718
899837
650707
844573
50030
602647
566146
50493
876576
727721
10719
181040
590976
581906
173458
225394
