28
160
161
248
378
392
596
641
857
999
1223
1239
1289
1529
1678
2061
2265
2436
2515
2561
2574
2842
2901
2988
3068
3083
262144
3180
3184
3204
452199
3263
3338
3388
3400
3582
3677
3678
3752
3863
4046
4079
4177
4437
4440
4480
4503
4684
4699
4834
4895
5144
5149
5405
608934
5761
5815
5891
5914
6064
6078
6130
6256
6283
6362
6449
6464
6468
6534
6597
6611
6716
7050
7083
7296
704231
7311
7311
7316
7322
7415
7489
7501
7544
7565
7718
7832
7851
7877
8073
8148
8236
8239
8244
8262
8270
155777
8324
8602
8696
8707
8927
9002
9028
9042
9043
9097
9175
9189
9423
9859
522818
9894
9937
9955
10063
10254
10270
10394
10520
10693
10725
10844
11315
11362
11409
11505
11792
11885
11950
11974
12011
12057
682503
12057
12370
12503
12525
12533
12558
12721
12781
12874
13249
876315
13269
13347
13426
13451
13491
13673
13913
13917
14137
14177
14274
14521
975664
14528
14845
15236
15248
15297
15484
15513
15626
15726
15798
15870
16115
16285
16355
16415
16479
16617
16713
16770
16910
16946
879504
17082
17303
17317
17333
17335
447563
17530
17614
17675
17874
17919
298874
17986
18055
18115
18124
18167
18266
18325
18508
18577
18631
18636
282334
18681
18910
19324
19332
19340
19554
19615
607212
19638
19751
19875
20037
20155
20206
20309
20348
20495
20817
20828
20933
20952
20971
21011
164615
21108
21399
21740
21823
21847
21966
22022
22492
22579
22747
890135
22799
22969
23057
23068
23075
23142
23181
85969
23184
23264
23268
23556
23673
24018
24273
24406
24471
24515
24721
24856
438805
25062
25130
25897
26081
26230
26435
26826
272253
26842
26962
298601
27217
27452
27620
27708
27736
511221
28019
28067
989769
845817
28145
28147
28233
28439
28530
28546
28757
28761
28941
28991
29070
29135
29156
29362
29411
533386
29576
29654
378556
29673
29697
334658
30037
30206
30434
563190
30441
30615
922611
30803
30856
31015
31065
31110
31171
31217
31218
31273
31724
31780
32019
32490
32537
32723
32742
32748
32767
32809
32865
32899
32929
32943
25130
33037
33075
33177
33185
33331
33469
33591
33615
33673
33703
33791
33862
214941
33933
34006
34054
34125
34136
34163
34292
34384
34457
34546
34579
34696
34788
35326
35518
35819
35847
491031
36126
36229
36242
36244
36312
36319
36370
36521
36670
36769
36880
36907
37021
37067
37071
37102
37104
37124
37430
37537
37546
37827
38015
38095
837979
38101
38181
38312
38410
38613
38637
38687
38770
38797
39063
39131
39354
39392
39394
39559
39679
39762
820850
39786
40065
40170
40222
968376
40308
40357
40363
40389
512919
40560
40668
40838
902562
40876
40925
40929
41010
41163
41220
41244
41358
41693
41695
41718
41982
42210
42243
42369
42466
42481
42517
101043
549127
42612
42657
42732
42734
42865
42901
42920
43023
43101
487663
43234
43338
43363
43437
43552
43751
43784
43916
43921
44195
44204
44284
44290
44335
84526
187802
44345
407020
44675
44712
44790
45172
45202
45326
45349
45359
45477
45633
45711
45776
45825
45848
45900
46195
46206
46208
46342
46355
46376
46581
46600
46603
46700
46701
46761
46768
46782
46786
46821
47321
47383
47419
47624
47671
47816
48038
48046
685956
48127
48156
48228
48257
48289
48294
48417
48495
48537
48848
40170
48948
49072
49117
49259
937459
49326
49339
171042
49419
49982
50145
50188
50194
50276
50309
50578
51150
51159
51184
51212
51348
51359
51556
51558
844398
814125
51576
51694
51793
51802
52131
52255
789824
52321
959022
52339
52606
52653
52794
52878
52922
388419
53058
53300
53426
53541
53656
53804
53860
53907
53947
932081
54210
54293
54363
54456
54492
54514
54551
54554
54619
54653
54707
54731
641887
54775
54931
55185
55374
55406
55471
55549
55619
55811
55827
55847
56019
56435
56435
56589
56751
56803
56915
57055
57108
57200
57463
57465
57498
151098
57580
57678
57754
57870
57878
57915
58051
58059
58129
58135
58152
58208
58221
58269
58317
58332
58370
58591
58666
303765
58765
58835
58876
58880
59100
59109
59221
59258
59356
59573
59593
59681
59719
59876
59970
60017
60163
60181
60187
60262
60344
60380
60666
60834
60853
572247
61087
61142
61256
61592
61749
61849
61929
62054
62208
62236
62261
62350
62439
388887
62480
62601
823026
62683
63016
63060
63169
63179
527104
63208
63258
63350
63410
63462
63644
64125
64167
64199
64239
64341
64387
64390
64589
64667
64702
64731
64869
65337
65456
65657
65665
65735
66007
806394
611433
66179
66192
66197
66286
66286
66602
66611
66641
66736
66744
66829
956408
66840
66880
66898
66921
67020
67181
67741
30037
67870
67929
431147
68104
68288
68310
68677
68704
68788
68925
69060
69064
409164
69187
69243
69267
69572
69723
69748
69846
69877
69959
69990
70265
70271
70339
70387
70481
70719
70779
71160
71168
71206
71233
71255
71378
511866
71606
71661
71688
71809
71825
71966
72018
72045
72160
72237
390787
72263
72286
72676
72688
127094
72735
72898
73033
73115
73319
73544
73551
73715
73755
73844
637914
73853
73921
74370
74393
74580
74781
74929
468989
75204
75313
75493
75829
75847
190517
189767
75869
75952
75974
76629
76679
76698
76712
76862
77050
77112
77233
77261
77455
77596
77633
77686
77753
77755
78016
78361
78485
78614
78717
78777
78795
78802
78826
78933
78934
79178
79249
79288
79546
79568
79673
975300
79682
79721
79923
79939
79981
80082
80247
80375
770237
80411
80486
80500
80556
80570
80810
80893
96086
81001
81003
81129
81205
81250
81418
865862
81542
81563
73853
81620
81663
81677
81757
81901
81926
82055
82228
82264
82391
82551
82669
82789
82890
83078
83107
536972
83119
83286
83418
83576
83586
83609
83808
83927
83938
83956
83997
84031
84142
84184
84342
760894
84354
84499
84526
84597
84978
85350
33862
85495
85496
85543
85586
85598
85809
85848
85967
85969
144456
85972
86048
86095
2436
86193
86377
86690
86743
86801
86911
87164
406051
87405
87588
87591
87708
87772
87774
87855
88219
88354
115105
88363
88402
88421
88453
88487
88606
88741
88779
88875
89037
89042
306809
89124
89288
89317
89606
89644
89746
89838
89983
90012
90035
90044
90141
90234
90271
90346
90519
90599
90642
90684
90710
90825
90827
892101
90832
90852
90869
91096
91186
91348
91609
91622
91641
91777
91963
92268
92304
92486
92836
92908
92967
93100
93400
93459
93470
93488
93549
93664
93700
93786
94024
94103
94232
94235
94291
94578
94838
94964
54363
95154
95159
354139
95177
95257
95493
95555
95666
95847
95921
96086
96254
96294
96375
96507
96562
937481
96712
96770
97029
97035
97055
97075
97113
97115
97151
97279
97280
97341
97369
97573
97690
97798
98129
98164
98238
98325
98327
98334
805657
98472
98485
98491
98568
98734
251707
98773
98780
98961
99142
99270
21740
99374
99576
99645
99689
99732
99757
99822
99848
99882
99900
606895
100024
100509
100614
100870
100936
101043
101143
101326
861523
101365
101505
101678
101894
101923
102012
102144
102563
102626
102939
103065
103255
799351
103304
103333
103431
103452
103463
103514
103629
103758
103830
104079
104160
104247
104632
104677
104781
104866
104885
105536
105582
105745
105758
366490
105764
105890
105895
105902
420114
106012
106086
106091
106109
106403
106404
106422
106475
106503
106612
106618
106655
106753
106774
106931
107218
107220
107290
107398
64702
565099
858152
107423
107572
107805
107896
108010
108184
108341
108382
108684
108688
108792
108807
108879
108977
109013
109049
109056
109126
109143
109217
135975
109226
109227
109356
109365
109707
109878
677872
109936
109987
110247
110308
110550
110659
110686
110710
110711
110929
111389
111490
111568
111585
111609
111651
111667
111684
111740
111873
111878
111926
111961
112097
112237
112244
112267
112385
112516
72160
112570
112631
155914
112658
112986
113026
113103
113119
113161
113208
113311
113340
113365
113576
113631
113716
113778
113932
113961
113984
114050
114061
114104
114370
114568
114695
114958
115041
115060
115105
115117
115200
115209
115212
115365
115386
115755
115885
115977
116012
116211
116297
116527
116576
116578
116666
116854
117219
117507
117966
117973
118060
118155
118169
118253
118420
118444
118705
118718
136847
118768
118897
118898
118918
119005
119007
119119
119192
119310
119346
119537
119691
119781
119919
119955
120010
120108
120137
120391
120401
120550
120675
120785
205519
120878
120953
121247
966968
121471
121489
121582
121914
414953
121926
536884
121980
122308
122346
348833
122441
122470
122495
122633
122762
122918
122960
123005
123493
123493
123972
123975
124249
124386
124535
124539
124649
124650
124713
124717
124730
28530
774549
124790
124820
124849
124850
124899
124931
658106
125108
627900
125276
125527
442993
125543
125657
125732
125797
126014
126347
126424
126432
126448
126705
126822
126986
127094
127135
127144
127210
127212
127296
799530
127329
127410
127584
127608
127786
127811
127826
127855
57200
127879
128111
128169
128346
985908
128537
128561
172062
128634
64239
128638
128649
128661
128667
128974
129185
129283
129306
129421
129693
129937
130077
130086
130129
130271
130389
130453
130456
130669
130693
130741
131036
131150
131152
131156
131229
865660
131516
131608
131696
131945
132075
132128
132156
132511
132567
132693
132754
41693
132841
133177
133233
133301
133487
133682
133683
133902
389614
133979
155077
133986
134001
134113
134231
134330
134463
134501
134572
134761
135046
135107
604419
135127
135176
135177
135200
135458
211763
847643
135466
135531
135540
135674
945376
135687
135768
135917
135931
871667
135951
135975
136002
136096
136381
136541
136620
416313
136735
136765
136847
137015
137034
137069
137204
137252
137413
313767
137436
137453
137489
137749
137752
137782
137804
137813
137830
137944
137991
138301
138324
138357
138366
138503
138575
138704
138709
139015
139089
139111
139219
139233
139341
776700
139943
139969
140007
140310
140469
140478
140508
140551
140561
140711
140748
140780
140782
140814
478070
140911
140985
141115
141131
766578
141288
141408
141547
141564
141608
754462
141845
141919
142113
142295
142490
142546
142772
143170
143535
143622
143711
143756
143793
143923
144335
144344
144344
144349
144456
16285
144502
144578
144981
145243
145385
145440
145452
145582
145686
145702
145811
145816
146177
146347
146454
146478
146486
146565
146751
146761
146771
146889
146947
147040
147059
147108
143535
147184
147237
147344
519875
147414
147754
147881
148242
148394
148439
148516
148625
148644
148761
148788
149031
149120
149189
149217
149240
149247
149403
149429
149660
149679
30434
149704
149802
149902
149927
149930
150083
150481
150573
150629
151098
151334
151380
151557
151756
152052
594353
152252
779148
152288
716000
152298
152317
152650
152808
535899
152854
152981
153019
441197
153071
489788
153122
153323
153453
153794
153871
153899
153932
153951
154198
154417
572159
154428
154430
417733
154568
154597
154661
154698
154731
154842
16770
154936
155009
155077
155182
155292
155335
155491
155777
155794
155914
155947
658416
155995
156299
156333
156414
156415
156444
156501
156523
156570
156750
726806
156923
156934
156991
157307
157352
157445
157575
157793
157881
157993
158159
158186
158343
158460
158461
158469
922506
269929
158475
158533
51359
158733
158795
158825
158909
158946
159146
364715
159196
159213
159229
159292
159382
159525
159537
159541
159885
159981
159989
160002
160011
160057
160109
160142
160371
661335
160372
160471
160756
160769
160894
160946
160954
160990
160991
161001
161001
161015
161263
161370
686242
161408
632461
161418
161553
161709
161890
161918
161933
721082
161973
161991
162140
162260
162275
162386
162482
479516
162484
162520
162544
162577
162655
162757
162934
162942
163097
163338
163356
528636
338270
163389
163707
311743
163780
163783
163926
164060
164094
164133
164247
164310
164368
164383
164420
164460
164484
164592
448333
164615
164635
164984
165120
165210
165268
165336
165679
166041
166073
166260
780969
166264
166315
170077
845739
166423
741730
166449
166660
166805
648577
166847
166933
653409
167234
167268
287031
167322
167388
167414
167420
167522
167539
167883
167912
167945
168011
168063
168247
755231
168316
119919
168336
168468
631382
168607
168619
168631
168807
168816
169061
169096
101365
169188
169526
169594
169640
169786
406361
169924
170063
170077
170245
170424
170505
170672
170699
170729
170847
170979
171042
171306
171320
171436
171464
171570
171598
171606
171919
172062
172105
172195
172279
172399
172402
58591
172536
172635
172644
172774
172782
172879
172976
173034
953097
173044
173213
173305
173330
775028
173419
173576
173827
173888
173919
173945
174306
174551
174592
174798
174872
174875
174921
175129
175205
175233
715569
175512
175813
175820
175882
176054
176141
176209
176241
176479
176583
176607
176618
176685
176727
176797
176821
176901
177035
177154
177176
177616
177669
177775
177961
178010
178075
178132
178138
178254
178337
178465
178514
178617
178657
178678
178774
178866
178898
179049
474508
428246
179304
179685
179774
179856
179861
179929
180035
180039
180107
180110
180222
180301
180333
180342
180364
180369
180542
180987
181318
181352
181699
181871
182078
182101
182187
182197
182246
182436
182638
182929
183105
183151
183257
183271
183458
183552
183582
183797
183847
183907
183941
184046
184081
184167
184427
184661
184691
162934
298334
184695
184862
185133
185178
185221
185234
57055
185314
185345
185351
185485
185647
185738
185745
185746
185854
308444
185856
186031
186189
186195
186234
186279
818279
549762
186284
186286
186307
186502
186546
186624
186645
186674
186772
186797
186818
186884
187011
187030
187290
187322
187360
187395
187486
187538
187705
172105
187754
187794
187802
187953
188043
188058
188087
188340
188579
188675
188813
188825
189041
189143
189175
189259
189282
189432
189542
189593
189613
189704
189767
189884
190046
190091
190295
190426
190464
190517
190837
190911
191056
191111
191383
191397
191537
191577
191727
191937
191955
192019
192061
192216
192327
192470
192524
192569
192670
192732
966956
192814
192872
193202
193333
193469
193614
194043
194173
194316
194335
194392
194393
194455
194582
194780
194784
194788
894591
194889
194959
195178
195197
195249
22747
195259
195309
195340
195464
195605
195622
195726
195942
195948
196027
196239
196406
400355
196442
196485
196752
196778
196840
196901
196994
197325
197328
197342
197430
197676
197696
651941
197749
478783
197882
197887
197921
197950
197957
197967
198089
198188
198266
198324
198346
198367
198426
198748
198763
693029
198813
198893
198998
199116
199147
199149
199293
199378
199724
199734
199850
200118
200140
200149
200369
288247
200708
200752
200851
200863
200939
200979
200984
532709
200990
201122
201390
201391
201555
201772
201801
201848
202207
202276
202482
202483
202616
202738
202856
202868
811717
202880
202922
202928
203034
203127
203275
203587
203693
203859
203985
204165
204168
204640
204932
575641
204971
204990
205181
205351
205360
205519
205592
205729
205875
205949
206189
206303
206414
206445
206557
206642
397453
206671
206700
206793
207358
207482
207716
207806
420557
207892
208005
208255
208512
208558
47419
208639
208830
208851
208963
66898
467663
209020
209045
780392
209057
209312
209387
209395
209440
209811
209906
209911
210018
210111
210211
210405
210691
210869
210901
210933
210934
211152
211298
275712
211406
211416
211441
211468
211500
211505
211710
211763
211763
211936
211947
212300
212300
212419
212484
212512
212545
212660
696927
212814
212880
213174
213314
213396
213488
213693
213745
213773
683920
39559
213855
213997
214050
214237
214331
214369
214435
214496
33469
214511
214941
214947
215491
215572
215649
215660
215804
216167
216538
216607
216673
216773
216932
216947
217002
217029
217051
217097
217111
217199
217224
217491
217601
905561
217674
217718
218072
218200
218209
218297
218307
218923
218978
218998
219006
219048
219272
219376
219659
219773
219968
220170
220220
220275
220295
220319
220344
220354
220633
688561
907225
220652
220780
221008
520389
221180
221257
221449
418254
221584
221762
221954
221971
222014
222058
222060
222450
222506
263847
223015
223249
223301
223309
930569
223381
223404
223517
45349
223642
224033
224265
224276
224310
670436
224373
224664
224766
224841
224849
225127
225204
225319
225350
90346
900263
225412
225648
225797
225815
225843
225883
226054
226113
226160
226177
226303
226331
226332
703630
226486
226501
83808
226546
226711
226719
226886
854335
226917
227126
227190
227234
227237
227303
227438
227511
872872
227919
228232
228323
228484
228715
229037
229255
229478
229557
229664
229666
229978
230035
230143
230145
230208
230283
230383
34006
230534
230540
230656
230670
230782
230821
231040
231187
231194
231362
231458
231583
364612
231634
231868
231872
321823
231945
231989
231998
232052
232121
232437
475351
232470
232486
232786
233040
233078
233106
233113
233182
233257
233323
233398
233443
233595
233793
234141
234151
53907
234159
234557
234637
234641
103463
234706
234725
235018
235307
44790
235321
235389
235566
98734
235594
235636
235892
12057
236038
236062
993432
236162
236271
236460
735109
236505
236512
236615
236616
236859
236877
454026
237274
838500
237290
237312
237359
237382
237554
237561
237571
237679
237924
237994
238079
238105
835421
238164
238223
238464
238481
238490
238521
238578
238617
238632
238715
238730
238882
292063
238887
239178
239216
239397
239629
239640
239780
239936
239939
239947
240014
240022
240052
240306
240337
240467
240494
240747
240810
240940
240972
241186
241193
241705
241870
461506
241916
242087
242110
284589
242236
242450
8262
242777
242858
242874
242912
243128
243195
243206
243216
149902
243337
360988
243418
243515
243558
243715
244004
244025
244070
244109
244318
244392
244425
244499
244574
244624
244636
244877
244886
245110
245241
245439
245520
245673
245892
246050
246318
246318
246398
246561
246644
318731
246701
246838
246884
246928
246953
247150
247594
247744
247783
247921
247932
248021
248279
248330
248415
248518
248530
248682
248728
248755
248858
248874
248913
248928
249128
249196
249220
249228
289407
249251
249255
249288
249429
249573
250018
250070
250151
250379
250447
250625
250763
251031
251076
251100
251207
251214
251452
251543
251569
251628
312491
251670
251677
251707
251764
251829
251881
379560
251930
252114
431637
252410
252562
317603
252639
252646
252706
843398
252775
967155
253021
77261
253106
253329
253381
253417
253564
253568
253649
253835
253846
253849
253967
254063
254233
254302
254312
791676
254315
254343
254355
254355
254373
254475
254542
254588
254615
254627
254682
254777
254876
254933
255032
3204
255070
255102
255327
255475
255523
255651
29576
255688
255752
767711
255768
255852
256032
256157
256888
256926
256952
256977
257232
257241
852993
257305
883088
257583
351922
257585
257600
257618
257694
257718
257739
257869
257910
257916
258146
258260
258491
258814
258870
258998
259015
259082
259109
259161
259525
259553
259871
260080
260222
260342
260494
260636
103452
260696
260773
260796
260813
261107
261165
261217
261302
261846
261912
262144
262230
262420
262538
262625
262659
262785
263003
263070
263270
263678
263706
263847
263868
359556
263927
264053
264058
264218
264275
627577
264280
264283
439504
264338
264516
264574
264643
264843
265048
265055
265108
265543
265672
265700
265704
265736
265811
265836
265968
266072
266099
266529
770349
266594
266739
266921
736723
912808
266961
267224
267252
267392
267421
267479
267557
267778
267818
267907
268280
268573
813169
268602
268686
268703
268949
268957
269284
269352
805050
295930
633527
269373
269566
269683
269728
269787
269819
269822
269830
269894
269929
269952
269985
270094
270187
270345
270544
714489
270623
270639
270813
271206
271211
271226
271518
271605
271891
272018
272253
272428
272447
272701
272772
272888
273260
273321
273549
273687
17530
273822
273824
273840
273860
273982
273987
273991
274160
274180
274224
274346
274396
274402
274547
274553
274732
274846
275049
275248
275280
275346
275351
275381
275430
275435
275600
275712
275749
275859
275955
275958
275971
276042
276116
276322
276438
814225
276484
276491
276655
277085
277087
277145
277160
277241
277315
277317
277342
277496
277511
277709
26842
277718
277781
277811
277812
277920
277987
277991
614651
278216
278271
278275
278321
278365
278471
278857
278906
279183
677901
279186
279319
279410
279441
279528
279548
279563
279592
279693
433005
279814
279917
138357
279929
280170
280238
280273
280280
280655
280881
280992
281069
281222
281277
281303
281321
281348
281401
281471
281530
281758
281767
281827
281935
281962
282040
282080
282169
282279
282334
282417
282952
283153
283159
283253
283305
283403
283464
283794
284245
284413
284442
284457
284589
284761
284866
284874
284965
285116
285223
285314
285614
285638
285647
285690
285997
618333
286161
286173
286334
286613
286670
502851
287019
287031
287166
686044
422534
287348
287554
287572
287803
288050
288151
288159
288247
127826
288289
288350
288502
288516
289154
289270
289371
289394
710152
289407
289773
289805
289856
290100
290230
290381
290577
290615
290748
290805
291132
291204
291309
291357
529914
291581
291610
291928
292063
292085
292120
292159
292165
292222
810185
292283
292548
292580
292653
292758
292763
293008
293253
293376
128561
293577
293589
807770
293672
293999
294225
294276
294533
294554
294628
294699
294720
294795
294817
294852
295576
295646
295681
295739
402633
295930
108792
296028
296089
398773
296145
296371
296503
296542
296628
296696
296769
296800
296923
297312
297344
297347
297527
297528
297528
297593
297633
297722
297769
297898
297961
298160
298334
298338
723358
298381
298475
298488
298566
298601
298643
298682
298764
560151
298866
298874
298875
298907
298970
299060
603476
299082
299141
299212
299278
384931
299488
299493
299527
299543
299609
299636
299702
299708
299736
299842
300092
300144
300185
300260
300272
300287
300451
300663
501783
300683
301102
301181
301271
301303
301352
669781
301383
301498
301588
301680
301740
301855
301958
302082
302162
302277
302752
302920
302969
303079
303209
303406
303602
303617
303639
66007
550774
303765
760142
303863
303995
304022
304063
304198
304238
304641
304682
304761
304840
304849
304861
12525
304875
305107
305111
305167
305220
305391
305400
305506
305522
305540
305550
305613
565045
305642
305684
305971
306041
306047
306189
306271
306514
306655
306757
306763
306809
307100
307137
307169
307178
659212
307232
307234
307390
307478
307617
314271
307736
307915
307942
308400
308444
308466
753302
308526
308540
308654
308730
309193
309279
309382
309404
309455
309474
309602
309650
309884
309899
309914
902361
309967
310081
310200
719220
310459
310772
311016
311063
311209
311277
311373
311435
311441
311551
311591
311743
312008
312040
312229
312230
312339
312342
312365
312397
312459
312491
312568
312743
312779
313112
313166
313418
313526
313575
313767
313771
313840
313851
313896
313973
313979
313998
314008
314035
314213
314271
314373
314386
314394
314467
314481
314498
316541
314681
314697
314758
315075
315193
315745
315785
315799
315850
315853
315921
316115
316223
316240
316243
316354
316482
873252
316522
316541
316563
316682
316743
316947
317110
317195
317236
317326
716889
317422
317464
317479
317603
317705
317754
317867
317919
317960
318155
588337
318186
318352
318469
318520
318579
318731
318886
75847
319007
319177
319216
319243
319291
319360
319374
319439
319520
319606
319624
319841
268686
319872
319899
232121
320014
320026
320077
407938
320079
320089
320093
320290
320305
320321
320355
320362
686882
657041
320437
320438
320598
843523
320840
320915
320939
933534
321060
321081
321135
321176
321341
321396
321553
321601
321615
321761
321823
321863
322067
322085
322248
322275
322449
322720
322768
322954
323005
323013
323691
323749
323773
323977
324032
324132
324136
162386
324162
694729
324170
324183
324453
324544
324877
324934
324986
325027
325039
325207
325219
713457
325290
254615
325402
325479
325809
325828
325940
326181
326198
326233
326244
326303
326342
326347
940022
326479
711417
326628
326645
326647
326905
327012
327172
327449
327503
327576
864034
554785
327618
327697
328020
328127
328214
328260
328279
328358
328573
328703
328775
328833
328931
328986
328998
329040
191537
329089
759740
329272
926478
329311
197921
329562
329616
329718
329735
78016
31273
329974
329994
330312
330360
330511
330511
330677
330778
330800
330893
330899
330970
331287
331518
331538
331617
331881
331904
352832
332102
332112
332145
332215
332294
332322
332658
332881
332960
333255
333325
123005
333368
333453
333553
333598
333615
19340
333874
333891
333894
333998
334243
334325
334432
334489
814717
334534
334614
334658
46603
334751
334893
334997
335043
950039
335180
335197
335230
335357
335362
335746
335889
335934
336164
336170
336300
336401
336455
336568
336592
336809
741725
336954
337046
337076
337109
337209
989553
337229
337229
337230
337304
337322
337602
337660
337717
337764
337961
338197
338218
338270
338331
338384
338477
688142
338654
338939
339080
339316
339539
339550
339569
339703
339706
339761
339839
339988
340037
340139
340165
340192
340430
340771
340775
340790
341074
341241
341292
341422
341498
341617
341662
331538
341805
341820
341835
341859
341927
341960
341974
663691
342111
342195
342204
342351
342555
342578
342603
342677
343126
343427
343654
343716
343779
343891
343928
343966
344140
344170
344209
344304
344361
344495
930002
344866
344962
345175
345289
345464
345505
345510
345738
345859
345928
345943
574022
345980
346014
346170
346351
346353
346472
346550
346595
495702
346617
346706
347025
347107
347191
347345
347565
347581
422641
347658
347914
715183
347999
348018
348034
348061
348261
253564
348262
348374
348386
348436
348803
348833
14137
348894
349036
349230
349238
349355
349458
349492
349555
349604
349681
349731
349754
349991
641751
349995
350086
350115
350294
350340
350362
350498
350503
350503
350621
351012
351165
351172
351174
351562
351608
351619
351730
351854
351922
730182
351962
216947
352265
352368
62480
352475
352668
352676
352736
352795
352826
352832
353069
353121
353146
353369
353601
353784
354090
354139
354270
354304
354339
354577
354611
354629
354670
354676
354780
354807
354852
516164
354899
355277
355289
330800
355370
355595
355677
355768
355885
355991
356004
356123
356147
356252
356306
95555
356451
356490
356847
356877
357177
357239
628291
349995
916641
357254
357260
357292
394504
357440
357560
357874
357889
636914
357955
358309
708779
358358
358372
900525
358397
448489
358514
358519
358814
358857
358910
358959
359034
359040
359077
20828
359156
359160
359201
359240
359274
538426
359337
359373
359556
359632
359642
359658
359775
17919
724523
359981
360051
360112
360140
360191
360410
360542
360685
360693
360812
360866
360963
360988
361062
361121
361402
361558
361612
637261
361919
361935
130086
362033
362052
362072
362205
362252
362283
362307
362368
362507
362621
362633
362677
362736
363081
363231
363388
363403
363462
363884
363919
363953
364173
364363
364553
364612
364668
364715
364773
364775
364820
364865
364871
364881
364922
731990
364949
365053
578987
365062
365158
365186
365188
365274
365415
365510
365535
365554
365765
366152
366459
366490
366615
366737
366863
366894
366988
367159
367460
367566
367648
367677
367690
367702
256926
367902
367928
367994
368077
634625
155182
368086
368095
368239
368240
368421
368542
368547
369113
292159
369201
369227
369254
369387
369441
369804
369830
369831
369981
370002
370013
370095
370239
370241
370303
370467
795980
420342
370468
370760
371245
371358
371413
371591
371613
371679
372056
372085
372170
372174
372269
372270
626998
372333
372372
372962
472495
373208
564217
373254
373287
373416
373438
373513
373626
373704
373786
373850
373855
658618
373886
373890
374049
374049
374067
374342
374470
513339
374503
374707
457196
374797
653708
374834
374898
374916
375038
375087
375227
375233
375302
375327
375377
375426
375679
375693
375757
375955
376245
376387
376911
376993
377043
377192
377376
377537
377570
377604
365158
377761
377816
378046
378105
378199
378556
378601
378716
378766
379085
379130
379340
379560
379670
379750
379910
379925
380122
380124
380218
380231
380339
380499
781651
380558
380671
380760
380890
987624
380916
380940
381448
120401
381544
381590
381688
381926
382059
382151
382262
382307
382532
382646
382689
382760
382811
382817
383038
383059
383117
383176
383502
736161
383630
383765
384001
384051
768001
384150
384196
384312
384622
384649
384827
451016
384894
384909
384931
384986
385044
385062
385448
385468
385576
385846
321396
385987
386147
386439
386475
386484
386528
386536
386613
386618
31217
386760
386884
386910
387068
387115
387117
387277
387486
387504
387606
387619
299488
387630
387708
387831
387905
388005
388072
388274
388340
388346
388379
388419
237571
388420
388823
388887
389033
389194
389278
389514
389569
389614
389627
389713
389867
389967
390213
390272
390313
390396
390519
495803
390787
391027
391400
391442
391467
391513
391614
391708
391977
392354
392376
392513
392569
392635
765897
393075
393117
393242
393384
393493
393500
934223
393513
393518
393564
393755
394033
394058
394124
394307
394363
394377
38687
394381
394441
394504
394531
394736
394761
394763
394780
394905
394907
394987
395094
395109
395319
395353
395387
395585
395694
395806
395823
396081
396113
396157
396192
396244
396345
396407
396497
328358
396513
396516
396538
396774
400366
396837
396866
396932
397048
397085
397277
397319
397453
397508
397835
397982
398015
398527
700098
398559
398773
399051
399469
399510
399621
399621
122960
399639
399853
399890
400056
400073
400188
400189
51556
400230
400355
400366
400382
624938
400705
400819
975094
400868
401026
401079
401172
401357
401544
401828
401851
401859
401868
77233
401885
401900
401925
401952
401976
402027
402078
441426
402169
402386
402408
402599
402633
402691
402709
402887
402910
403040
403191
403422
403541
403706
403833
403926
403962
403970
404020
404064
344140
404266
404366
404509
404558
404607
404610
404626
404938
405075
405102
405145
405296
405469
380890
405585
405643
405695
136735
405790
405919
406051
406062
406148
406214
406214
406223
406235
489625
406361
406401
406497
406503
406534
406782
406862
406959
407020
407096
407249
407315
407770
407322
36521
407344
407509
407693
407710
407770
407798
407903
407912
407938
888084
408000
313973
408009
408095
408147
406782
408284
408391
408480
408582
408676
408841
408956
409114
409141
409164
409196
409247
409260
409317
409326
409428
409560
409606
409630
409641
409858
410154
410183
721134
410442
410450
410827
789293
410972
411038
52606
411138
584991
411189
411222
411311
411346
411370
411430
411562
411593
411773
412266
412446
412599
412635
412677
412683
359160
413152
413368
413372
413458
413495
413556
413755
413893
413973
414061
414154
414339
414489
414577
414653
414707
414737
414747
414906
414949
414953
414954
414985
415414
979887
415440
415589
703511
415899
415903
415995
416079
416269
416313
416691
416732
416785
416880
416887
416913
416997
417006
417157
417177
417248
417440
272018
405075
417625
417645
417648
417668
417733
417948
418254
418350
418384
418512
418594
419064
419085
419236
419306
419398
419566
419688
419895
420001
420114
420150
420298
420335
420342
420529
420557
420854
421029
421029
421191
421305
421340
421390
421412
260813
421412
421547
421618
421737
579278
421788
421800
421801
421855
421888
421923
422031
422082
422131
422183
422205
422214
422230
422271
422311
422441
422525
422534
422612
422641
422765
422810
422818
422984
423034
423345
423375
423429
423436
423447
423651
423882
424293
424355
424414
424511
424695
641235
424743
424814
425008
425040
425309
425380
425456
425544
425573
425577
425615
425637
425701
425715
425716
425720
425788
425817
425864
426028
426037
426080
426330
426486
759224
426509
426676
426712
426834
426938
426975
427078
427112
427166
427254
427278
427284
427512
427521
427576
427637
427811
428079
428163
428167
428184
807240
428203
782654
428246
428496
428835
428996
429011
429219
429224
429347
429506
429662
429906
430014
430060
430332
430344
430391
977353
430406
584902
430466
177775
430950
431007
431023
431091
431147
431179
431217
431292
431413
431471
431486
431637
431697
431795
431896
431934
431944
431955
431972
432050
432199
432320
432542
432552
736122
432621
432696
705746
432705
67020
432847
432867
432923
433005
433028
433250
433347
433383
433702
434030
434157
434176
434180
434294
931594
434462
434521
434564
434656
434706
434718
434815
435201
435353
435392
435444
435507
760655
435528
435589
435600
909349
435627
435784
435891
435999
436000
436082
436209
704502
436247
731986
436342
436452
436526
436743
436844
436992
437201
437334
437398
437516
437542
437636
437968
438257
438320
438422
438687
438805
438885
439132
439135
265543
439405
439428
439504
439637
439747
440075
440417
440427
924403
440627
440657
440821
441061
441158
441197
65337
441290
441390
441426
441523
441538
441577
441656
441923
442025
442355
442607
442618
442815
442861
442987
442993
443058
443142
443306
443344
443466
162482
631330
443495
443566
443636
443721
443820
443838
364363
444028
444222
444644
444747
444916
445039
445090
445231
445314
445347
446199
446287
446509
446611
446622
446695
446822
446957
161408
446979
446982
447059
447127
447189
447220
712920
447355
447372
447417
447434
447502
447563
447577
447580
447642
447717
447745
447868
447963
447968
448113
18266
448333
448359
448382
448489
448838
448876
449004
449147
449153
449239
449358
838618
449358
449368
449403
449548
449563
449643
449871
450103
450119
450271
450332
450348
279410
450502
450536
450552
450913
451016
392
451017
451562
451562
451771
451816
368086
451892
451910
451914
451920
451924
991397
451932
451942
452199
452502
452616
452639
452727
452752
497037
452815
452935
452978
453038
453107
453262
453286
453316
408000
453441
453571
453677
453800
453832
454026
454037
454093
454102
454114
454159
454388
454689
454732
454907
454972
455056
455074
455121
455147
455195
455299
455401
455416
455477
455585
455635
455710
455816
456244
456386
456535
456545
456545
456638
456662
456786
456838
457000
457085
457114
457114
457126
457196
457222
457395
457814
457854
457885
457982
458082
458384
458388
458527
458533
458711
459237
459256
459353
459610
460043
460054
460104
460133
460160
460415
460598
870423
460658
460749
460816
460877
834360
460879
460943
460980
460997
461116
461195
461231
461411
435999
461415
461467
461472
461506
461553
461723
461826
461957
977015
462064
462089
462116
462118
462140
462152
462209
462280
462461
462518
462538
462548
462665
462832
297898
462917
463099
463101
463205
463397
463415
747240
463446
474253
463468
463704
463707
463847
464329
464439
464617
464656
464869
464934
465231
465269
465489
465576
465633
465650
465725
465797
465994
466020
466197
466203
466409
466620
466685
466839
466877
467008
467157
467194
740492
467254
467392
467427
467478
467484
467494
365062
467663
468250
803673
468339
468401
468481
468794
468845
468854
468989
531177
469096
469122
469413
469512
469606
469606
469638
469701
469795
470012
470064
470173
470666
470778
470891
471003
471119
471257
294276
471352
471406
471686
471960
472118
472183
703450
472189
472344
472352
472361
472374
472411
472416
472427
472495
472608
472788
472914
473069
473149
473192
473258
473312
88779
473492
473505
473557
473731
473762
473851
473990
474007
474058
474106
474127
474253
474338
474391
474434
474508
474714
474739
474880
474963
475073
475230
475324
475351
475820
475845
476032
476299
476299
476365
476386
476481
476532
476554
476604
476656
476663
476738
476773
226486
476822
476843
476854
476989
476993
477051
477115
477134
460943
477211
477235
477268
477414
477430
477446
477522
477596
477863
477959
63350
478070
478115
478165
478332
478378
478397
478726
478757
478783
479018
479419
521411
479428
479516
479574
479599
479815
224766
479863
479877
479880
500444
479965
480019
480036
480037
480093
480164
480417
480427
480521
480622
480805
480878
480917
481069
481081
926306
481083
481098
481174
3338
481207
644103
481293
481316
481378
481448
481528
481549
481597
481624
481678
481720
481802
481809
481874
481927
685660
481937
482161
482383
482399
482413
482615
482665
482728
482764
482825
482989
142490
483018
483254
483401
483436
483477
483505
483557
483575
483632
483932
483988
484128
484171
484215
484228
484520
484621
484759
484793
484866
484882
484905
485171
485183
485238
485256
485257
485498
485588
485700
485724
485819
485878
486043
486087
486093
486098
881497
486114
486452
486847
486953
486972
487039
487116
487221
487258
487266
487419
487554
487609
487663
487700
713907
487806
487870
488060
488150
809807
488576
488989
489125
489164
489207
489314
489529
373850
489625
489788
489801
489862
489918
490170
490335
135127
490453
490570
490577
490884
491031
491031
301383
584510
491190
491244
491287
491304
491392
491489
735361
491529
491534
491663
491846
492287
492304
492384
492386
492672
492690
492883
492981
493401
493529
493632
493635
493802
493843
493884
493932
494004
494086
494277
494404
494436
494438
494614
494676
494861
59876
494891
495025
495036
495092
495170
495212
495363
495419
329089
495619
495702
495746
495803
495889
495939
495944
496014
496023
496146
496484
496710
496981
496986
497037
497176
497368
497435
497471
497530
497813
498050
71809
498302
498458
498584
498632
498819
498922
499079
499214
499400
499413
499428
499505
499511
868859
499730
704383
499905
499973
499991
499994
500145
500281
521433
500372
500397
500444
500474
500579
500609
500618
500625
500721
500735
500737
500804
500820
500981
501001
501081
501407
501471
501519
501629
501632
560341
501783
501874
501891
501936
871187
502130
502138
502185
502188
502195
875449
502195
502496
843019
502665
502851
502953
503031
503037
503088
326181
722985
503128
503130
503305
503365
503373
503434
503517
503543
503569
503611
503635
503655
503678
504360
504392
504768
504780
504806
504892
505239
505251
505336
505457
135466
506208
506218
506316
506448
506464
506490
506560
506611
506691
506724
506759
506770
506923
506925
506948
506995
507104
507110
507118
507212
507663
507723
507787
507907
507972
626565
833649
508034
508072
647012
105582
508168
508294
508336
508506
508572
508663
508714
508956
509065
509070
509156
509204
509408
509506
886035
509544
509633
509646
342555
509695
509830
509869
509876
509884
509923
510193
510242
510404
510623
510667
510805
510862
511092
511221
511327
511453
511480
764012
511668
511729
511764
511819
511831
511859
511866
512095
512402
512439
512517
512688
512863
512919
512973
512987
512989
513020
513084
513144
513176
513253
311209
513339
28067
513368
513464
513683
513687
948623
436526
513742
513806
514073
514104
514229
514490
514710
515103
515172
515520
515577
279441
515786
515804
515850
921358
515961
516053
516074
516097
516164
516169
516198
516397
536183
516445
516504
516661
516716
301680
516731
516825
517009
517113
517150
517350
517409
517834
152981
517858
517958
517992
517994
518123
518254
518420
518531
518616
518768
572067
518874
518983
519087
519116
519324
519445
350498
519666
519875
519998
525819
520215
520037
520143
520152
520215
520389
520665
520794
520825
520855
520902
520938
520940
521173
521209
521241
521411
521433
521679
521682
521708
521801
521820
522063
949258
522096
522123
522173
175813
522241
522283
522349
522648
522818
522952
523261
523306
523413
523462
523479
523595
523625
523676
523699
523718
523779
523800
523982
524033
524317
677962
524541
524674
524749
524886
789463
525138
477051
849198
525307
525316
554856
336401
525422
525441
525474
525492
525819
525866
525881
526164
526291
526507
526529
526546
526556
526599
526670
526714
526859
526901
527104
527146
527149
527163
527172
481316
527253
527515
527692
527826
527873
528015
528099
528105
528168
855422
615097
528246
528261
921816
528337
273860
528345
480521
528437
528563
528595
539005
528614
528636
528840
872690
528898
529113
529177
529251
529277
529295
529363
529423
529450
529508
529581
529606
529662
529740
529914
529981
530038
530065
530247
530410
530509
530683
530817
354270
530893
531177
531334
531346
531436
531460
531474
531477
531494
531666
531677
531728
531769
531865
531885
788442
531932
531995
532212
532228
532231
532277
532340
532472
532514
532622
532683
532709
532736
532996
533077
533107
533372
533386
48289
533456
533473
533507
534183
118918
534259
534321
534545
534728
535016
535215
535294
535412
535438
535706
535729
535831
535847
535887
390396
535899
536084
536171
536183
3677
536214
536263
536358
536432
46700
536512
536540
536567
536803
536810
536843
536884
536972
537107
537123
537201
537211
537386
537455
537458
537526
537584
537626
537842
537861
537896
537992
538111
22579
538132
538139
538172
538201
538426
538468
538682
538726
538798
538829
538871
538913
637502
538946
538996
601259
539005
539024
539100
539105
539260
539273
539471
509884
539533
539798
539856
539953
683573
540043
540298
540657
540716
410972
540748
540754
540992
541299
541488
541489
541491
541644
541668
32748
541733
541771
541856
541951
542263
542264
317326
542294
542337
977686
542496
542556
542897
543048
543179
543236
543286
543294
543335
229037
543389
543677
543735
543956
544177
544218
544440
544448
544569
544600
544984
545095
545159
545530
545615
545658
545943
546014
546042
546109
952194
546373
546399
417948
546481
546554
546749
546805
546933
546973
547215
547379
547427
547680
547875
547986
548024
548240
548373
548419
548430
548439
548509
548592
548626
548712
548873
548981
549006
549127
549259
419064
549351
549360
549464
549481
549674
549705
549762
549789
549881
550167
584207
550188
550298
550700
550710
550774
550947
551252
551336
551386
551546
551554
551578
551635
551767
551846
589726
551898
717667
551928
552038
552232
552363
552456
552708
553516
553620
553767
554107
554336
554356
554432
554446
554515
554785
554856
554911
555069
555249
555350
555386
242858
555501
555530
555554
555587
555811
555883
556097
556159
556307
556319
556436
556972
557011
557354
557453
557461
557603
557624
557647
557700
557799
557799
557805
557827
557884
558050
558159
558273
732020
558455
558530
558693
558696
558838
558987
559060
559086
559659
559706
559810
559835
559945
559945
559954
559966
482825
560084
560150
560151
560341
560431
560503
560649
561000
561060
561206
561367
561618
561620
561623
561764
561779
561855
561936
814578
562058
562104
95154
562274
562402
562405
562529
562625
562648
562742
562748
562783
562976
563152
563159
563190
563573
563706
563732
563848
564084
564144
564217
853517
564396
564404
564487
688022
564675
564729
564935
565025
565045
565099
565545
565549
565551
565555
565619
565892
565926
566206
566256
566286
566381
566493
566614
566703
955776
566745
881509
566833
566865
566877
567323
567642
568107
568210
568253
568296
568415
856927
568720
568800
568903
569025
569099
569146
569158
569183
569265
320438
569362
569469
569490
569502
569506
569653
569880
569931
569948
569990
570056
570074
570114
570125
570203
570204
570210
570211
197887
663620
570242
570270
570440
570501
570502
570550
570609
540748
570765
570805
570868
571001
571026
571103
571116
571167
571175
571282
407912
571342
571409
571568
571599
571702
571806
571957
572012
572067
572159
572172
572247
572360
572412
572578
572595
572793
572819
572984
572987
573066
573448
897878
573553
573571
772209
573687
573697
573795
573868
573892
904354
573925
574022
574082
574126
593547
574220
96507
574307
574442
574486
574533
574547
574570
574624
305613
574638
574763
574809
826166
574829
574894
574898
575086
575202
575534
575609
575616
575641
575762
809171
575790
575820
575884
576091
576229
576258
576264
666928
576282
576356
576378
576418
576432
576605
576671
576693
576760
576843
576877
576935
955439
576954
577533
577548
577558
577823
577840
577874
849050
577937
577953
577965
577999
578030
578177
578185
578422
578566
578581
578698
578795
578858
578962
578967
578987
196840
579226
579238
579278
579342
579415
579549
579562
579648
579681
580077
580082
580219
580220
946567
206642
580279
580586
580678
580687
580700
580760
580823
580900
581044
581052
581243
581334
581543
581566
581590
581716
581859
581977
582200
582256
582388
582404
336954
582563
582752
941164
582752
582777
582814
582958
582985
583048
583055
583076
583167
583201
940686
583258
583410
583448
583458
583476
583512
583625
728465
583658
583722
167912
583942
584169
584207
584214
584270
584510
347581
584593
584899
584902
584977
584981
584991
585232
585246
585399
585416
585454
585511
585612
585657
585691
585764
585909
586386
586402
586475
586579
586705
586731
586818
648502
586851
587076
587151
587206
587356
587512
587598
549674
587613
587732
588094
588136
481597
588290
588337
588344
588427
588514
588617
588740
588757
588781
588787
588876
589044
589414
589726
589809
589906
590091
590133
156991
590190
590370
590425
590461
590746
590970
591015
591034
591162
12721
591335
591461
591533
591544
591563
591637
591720
591724
591759
591878
591889
592023
592091
592267
592333
592470
592519
592610
592807
592859
6716
592989
593152
593183
593232
593426
593547
593564
593697
593904
833011
312397
593916
904675
593969
594071
594240
594266
594324
592859
594353
594363
594478
594561
594651
648940
594698
915766
594729
595226
595802
595905
596055
596057
231458
596207
596378
596509
596682
596890
596914
596941
596965
596974
597063
611561
597204
597708
597897
597995
598208
598216
598236
598346
598406
598430
598468
598528
598541
598558
598612
598743
599095
825250
599148
599187
599216
599230
599399
599462
599485
599487
599525
599586
599734
599798
51558
68677
599900
600099
600509
600531
600610
600696
600775
600814
600851
600852
600855
600875
601045
855561
601259
601349
601554
601609
601768
601773
601844
601925
601930
602018
602027
602079
602239
602528
602666
602667
602768
28439
602835
602906
603079
603095
603160
603183
603360
603381
603476
603480
603512
603698
603795
603861
603872
604061
265968
604252
604271
604419
604420
604629
604631
604702
604788
605060
605237
605332
605343
605418
605607
605618
605643
606026
606202
606274
606519
606610
606621
606647
606660
890442
606671
606671
606772
567323
606895
606977
606984
607030
607048
115117
607052
607179
427254
607212
607336
607398
607555
607598
607747
607772
607783
607834
607859
608309
608465
608474
608506
608648
773303
608655
608934
374916
609233
609498
609541
609541
609625
609665
609773
609821
610007
610074
610170
610306
610311
610523
610671
610791
611033
611090
611235
602027
242777
611285
611308
611422
507212
611433
611561
611585
611719
194393
611748
611790
611823
611835
611885
611987
611993
612012
612169
612181
612189
612408
304022
612475
612585
612593
612599
612855
612881
612906
613074
613250
613598
613752
613767
613796
613867
613872
613876
613892
613913
614060
614077
614133
614228
614296
614440
614583
614624
614651
614823
614884
615073
615097
615243
615300
615428
615467
615480
53058
615525
615553
615627
615650
615863
615908
616193
616408
616637
616653
616658
616880
616931
616982
616997
617013
617028
617028
617118
617141
617141
617142
617757
617779
618016
618130
618136
618141
618333
618447
618675
618762
618839
618923
619021
619139
619309
619441
619548
619562
46581
619594
619636
714807
619794
619906
620160
620407
620546
620596
620628
620631
620691
620747
620875
620986
621369
621411
808262
621554
621841
621902
483632
698711
622266
622268
622607
622736
622794
622868
623028
623072
623325
623647
623765
623791
770715
623810
624029
624107
624392
23068
624651
624784
624839
624938
625250
625322
625480
625548
823674
625635
625655
625718
625766
625793
625834
973880
625856
625893
626448
910163
626554
626565
626779
626958
626986
626989
626998
627001
485819
627012
627469
627577
627810
627881
627900
468794
628070
628086
628166
628291
628443
628530
537896
628728
628887
628937
629021
800466
629061
629088
629138
629348
629480
629505
629530
629719
629808
629920
630002
745658
630116
630367
630597
630654
630698
630755
630777
630782
630928
631000
631062
631154
631330
631344
631382
631455
631966
657200
632002
632004
632071
632119
632144
632377
632413
632437
632461
632541
632578
632660
632673
632815
632832
632963
632999
633343
633450
633527
633551
633598
633624
633700
633816
218978
633874
633938
634226
634356
634484
634625
634666
634804
634847
635032
635220
635444
635505
635781
635957
636033
636046
636048
636128
811694
636359
636535
636652
636668
636730
636864
966126
636867
636898
636914
637083
637103
637147
637260
637261
637383
637416
637502
927448
637503
637712
637741
637817
637914
637970
359240
638095
638152
638196
638216
638352
638363
638703
639099
639111
639180
639253
639407
639497
639611
639615
639636
639688
639775
640055
640149
640578
640642
640775
476663
640798
640978
641063
641112
641201
641221
641235
641292
641343
886146
641405
641434
641447
641516
641751
641787
641839
641887
641951
641964
642409
642427
642484
642493
642507
642567
642690
642949
643154
6611
643167
643312
643568
643743
643767
643824
643920
643930
644034
878132
644041
644071
644103
644278
644331
644416
644601
644618
644666
644691
644715
645031
645051
645062
645211
645315
645325
645616
645810
645932
646012
359658
646085
646101
646170
646229
646488
646497
646582
646583
646675
646697
647012
647028
647226
647342
647579
647611
647709
603861
114958
470064
647783
647874
647932
648011
648066
753465
648395
648400
648502
648555
648577
648940
649228
649277
649339
649439
649475
928840
649505
649598
649621
649629
252775
649721
649807
649912
650114
650362
650414
650453
650473
650495
650558
650603
650646
650728
650900
650993
651059
651064
651289
208558
159981
651528
651535
651641
651689
651692
651722
651740
651941
652089
652453
652471
652521
652684
652892
652931
653023
653108
653144
653213
653259
653316
609233
653409
653477
863160
653708
653896
654000
654078
654143
654156
654159
654222
654225
654356
654413
654526
654785
654810
654832
654859
654898
655082
655151
655333
655403
655617
655665
655719
655833
120137
655940
655954
656027
656042
656162
656257
656312
656420
656443
656812
656842
554356
657041
657077
657200
657293
657307
657380
657392
657422
859967
657437
657471
178254
657554
657624
657686
657861
657978
657979
658070
658106
658119
658146
658161
658253
658253
658411
658416
658439
658556
658618
658810
658825
658895
659179
659212
659311
659374
659377
659397
659473
659474
659535
746360
659605
659714
659739
362033
777418
659848
659956
660446
660457
660498
660596
660785
661020
661125
661187
661207
661335
661362
661365
661368
661373
661404
661492
661613
661642
661740
661914
661974
533107
662035
662212
662539
662802
662992
383765
663066
663129
663252
663326
663410
663507
663620
663691
663796
663927
33933
359775
664056
664212
664247
664449
339316
664517
664916
664925
665197
665781
665813
666177
666416
666478
666553
666612
666805
666928
666972
667043
667192
667301
667321
667566
667575
667839
667879
667910
668150
668260
668299
208851
244574
668322
668323
668371
598208
668656
668676
668709
668837
668854
258491
668945
669158
669270
669322
669356
669559
669742
669781
669820
669831
670225
670412
670436
670447
670764
670800
670847
671021
671025
671143
671178
671279
671403
671505
316563
671561
671591
483932
671603
671632
671678
671755
671776
671785
671849
671997
672095
672117
672286
672299
672343
672386
672549
672620
672820
672855
672905
672936
672953
52794
302969
673070
673091
673100
362307
673435
673444
104885
673530
673612
272888
673683
673743
673780
673907
673944
673986
673990
674198
674312
674357
674487
674562
674955
675008
675162
675275
675280
675410
675497
675518
675763
157993
675817
676005
676034
676130
676184
676185
676208
676467
676469
676469
676596
676660
676862
676905
676979
677016
863401
677117
677200
677314
677607
677634
677679
677759
677872
677901
677962
677987
678391
428184
678406
678435
678729
678810
678933
678935
679071
679083
679186
679257
679580
679679
679690
679762
679832
679867
679950
680021
680068
680169
680196
680208
680408
680414
680516
680651
680832
680890
680958
681080
681091
681222
681237
681245
681363
681379
681778
681879
681948
611308
682172
682265
396516
682280
682319
682340
682366
682484
682503
682807
682829
682880
728621
682921
682998
683107
683226
683291
683333
683354
683407
683494
683573
683624
683814
683854
683860
683906
683920
684028
684100
684145
684232
684248
15798
684358
684362
365535
684377
684391
684504
684611
684733
684798
684810
684855
684874
684953
685146
685249
685277
685335
685386
685391
685510
685583
685632
685647
685660
685671
685837
685953
685956
686044
686242
686300
686305
686436
686570
686819
686822
686861
686882
686953
687124
687436
687515
516097
687537
687570
687620
687719
687805
687874
687914
688022
514490
688142
688192
688333
686570
688370
688522
688561
688621
688665
688707
688786
688828
689057
689223
689247
689271
689358
660457
689369
829043
602906
766341
172399
689385
689575
689622
690225
690336
690624
690757
690793
690932
690953
690965
690973
691040
691417
691474
691536
691881
691907
691928
691971
692228
692282
692405
692460
692564
692566
692724
692976
693029
284457
693211
693226
633343
693328
693552
693611
693626
693708
693849
693960
694017
694060
694138
694140
694258
704630
242912
694312
694327
694478
694541
694729
694745
694840
695092
695137
695177
695611
787393
695905
695921
695982
696040
696236
696258
696281
696399
359034
696406
696431
696431
696609
833923
696726
696769
696918
696927
696930
696992
697344
697427
697524
697609
405695
697628
697649
697665
697779
697786
697807
697846
639688
713369
697969
698145
698194
243337
698320
698410
698641
698711
698810
698852
698903
698979
699257
699343
699414
699484
699702
699727
66921
700088
700098
700188
700287
700623
700850
700851
700852
700855
700931
700961
701079
701186
701197
701328
701385
701483
383630
701485
701504
701783
701851
701877
701899
701925
702016
702123
702303
702324
702392
702402
702430
702528
702567
702775
702812
702955
702995
703020
703146
703172
703362
703450
703511
703617
703630
703674
431179
704002
704086
704193
704231
704383
704502
549464
704630
704779
704789
704967
705111
705124
705243
705362
705595
705660
705746
705746
705855
705979
706039
457114
706267
706795
706829
707121
707212
707581
707820
707828
707992
708097
708157
708390
708422
708528
708597
708608
708618
708662
708666
708779
708827
748476
709148
709163
709199
709435
709630
709652
709711
559086
602666
709795
710143
710152
710174
710438
710440
710649
710677
883581
710774
710860
711213
711238
711241
711264
711294
711303
711354
711417
136620
711468
711609
711662
711682
711823
711885
711913
711957
712096
712161
676862
712376
712395
712477
712512
712526
712618
712829
711609
712908
712920
713032
713183
713207
713237
713369
713383
713385
331518
713423
337229
713457
713480
713497
713502
713767
713795
713834
713907
714489
533473
714705
714807
714964
715002
715025
715055
715070
715176
912901
117507
715183
715352
715395
715425
715427
715569
715622
715802
715971
716000
716023
716093
716098
716137
716192
716281
716330
716338
716381
716552
716574
716608
716664
716886
716889
716900
716927
716980
717033
717200
7311
717235
717359
50578
717444
717611
717655
717667
717895
718732
718864
719086
719089
719108
719179
719184
719220
719329
719374
719423
719442
719483
719538
719560
719589
782141
719638
322768
719709
719724
719838
719891
720007
720168
720178
720198
720645
720677
720701
720712
720750
720756
720790
721082
721134
721192
140985
721236
721348
721522
721594
721663
721697
564729
721912
721922
722278
722496
722683
722772
722814
722823
722950
722964
722985
723084
723358
723388
723540
723605
723621
723666
723736
669270
723916
723953
724034
724034
724064
724141
724242
724353
724358
724395
724523
724639
724744
725134
725190
725460
725876
725888
725894
725911
725993
726063
726102
726506
726557
726652
726779
726806
309650
726834
875417
726895
727025
727048
727097
727126
727264
727441
727537
727552
727617
727789
727903
727959
728094
728142
647028
728170
728312
728408
728465
728495
728621
728896
728934
729080
729094
729220
729426
729541
729596
451910
641292
815115
729684
729814
729881
563706
730182
730196
730220
730230
730484
730529
730539
730543
730600
730671
730678
730711
730746
730829
730865
730940
730956
731039
731064
731175
731221
731259
731275
731315
731488
731583
731617
731674
731713
731769
731786
731885
731894
731986
731990
732020
732043
732361
732551
732601
732604
732633
608309
21823
733165
733215
733338
733357
733396
733759
733852
733892
733902
734116
734639
734832
734941
734980
735109
735142
735309
735351
744669
735361
735542
735583
735745
209045
736061
736122
736161
736186
736190
736233
805124
736350
736568
736592
736723
736762
496981
736857
736974
737050
737110
737186
737519
737527
737756
738024
738114
433383
738329
738335
738520
738570
738730
738780
738780
738801
267557
738821
738930
738983
739609
739655
739721
739750
739877
739946
740124
740410
740492
740497
740521
740612
740726
740927
741011
741035
741100
228484
741251
741309
599586
741323
741386
741443
741647
741725
741730
741767
741952
742001
742246
742303
742351
742379
742451
742452
742527
894413
742787
742828
742876
137752
742878
742951
743189
743224
743396
743438
743489
743497
743805
743807
743977
744189
744284
744298
744385
744467
529508
744508
744590
744669
744710
744717
744867
745040
745163
745285
745324
745601
745657
591162
745658
745864
745985
746004
746021
267224
746209
746214
746360
746373
746592
746597
746668
746867
747082
747110
747111
747134
747169
747224
747240
747310
747317
295646
747335
747372
747523
747732
747750
747763
747776
747977
742951
593426
748317
748339
748356
748362
748377
748438
748468
748476
748704
749017
749046
749074
749155
749657
749693
749728
657293
749935
750021
750241
750317
750863
750914
891068
750915
751039
751053
751103
751117
751223
751229
751261
751594
751837
620875
751919
577874
752030
752159
752225
752531
752624
752634
143622
752641
752680
752856
752872
752915
752997
752998
753091
380499
753175
753302
753317
753411
753421
753465
753574
753771
753935
754003
754056
754078
754358
754429
754462
754593
754609
754668
754886
754977
754997
755046
755095
755231
18910
755283
755528
755570
755707
756004
756043
756176
756215
697779
756384
756497
495889
756526
756667
756685
756695
756780
756949
757000
757008
757095
757120
757239
757242
757327
757357
411593
757479
757585
812834
817340
757693
757727
312779
757756
757797
319624
758005
758055
758112
758162
758285
758350
758544
105895
758573
758595
758937
783238
575609
759036
759057
886028
525866
759113
759128
759176
759224
663507
759254
759262
759264
759269
759310
759361
759375
759458
759740
421800
760142
183257
284413
760262
760276
969351
760412
760655
760860
760894
760923
761089
761095
761097
761272
761433
86801
761522
761689
761793
761819
761861
761888
762013
762204
762213
762220
762313
762439
762449
762516
762707
763125
763365
763403
763491
763554
763576
763905
764012
764039
764070
764100
764287
764341
764342
764413
764453
764488
705660
764491
764757
764809
764982
765071
765121
765202
765281
765607
765614
765660
765897
765912
766176
474714
766293
766341
766430
766546
766578
766751
766760
766971
767103
767202
767353
767429
602667
767704
767711
767729
886892
767838
767911
767933
768001
768001
768022
768161
768227
768366
768390
768472
768474
768760
768902
769117
769126
769133
708597
769149
769151
176727
769151
769249
769315
769328
769597
769653
769728
769768
769828
769921
770067
770139
770237
713767
770245
770265
155947
770349
770421
770506
770608
770622
770657
770677
770715
770776
770804
771036
771069
771189
771209
771214
771219
771319
771325
771341
771872
772038
772135
971097
198998
772209
772391
772394
772453
772556
772711
772777
772998
773212
773226
773263
773285
773303
773440
773583
773648
773649
773731
773745
773804
773932
774049
774116
774159
774226
774376
774549
791694
774570
774577
774578
774650
774669
774750
684145
612881
775015
775028
353146
775056
775127
775155
578030
775185
775232
775391
775501
775534
775546
303995
775747
775867
775890
775940
775993
776170
776225
776340
776364
776444
776546
776700
776709
776741
776792
776884
776921
777166
777354
264280
777376
777394
777418
777429
777535
689223
777541
777687
777765
777952
777986
778022
778096
778164
778237
778260
778464
778515
778557
932049
778627
778651
337717
778736
778888
778947
779006
779010
779148
779277
779298
779302
765614
779440
779501
779510
40065
779552
779669
780009
780074
671143
780135
780263
780392
780509
780595
780969
781005
781086
781091
781162
781179
781251
781404
781422
781651
781658
781758
781920
782141
782154
782339
782500
782545
782637
782641
782654
782718
782746
782769
782927
783238
783337
783390
783540
783645
783771
783887
783901
59258
784028
784319
784322
784361
696992
784471
784526
784583
784610
784674
968790
784684
784946
785003
785056
785101
785117
785120
785142
959705
785259
785294
785535
785879
785996
786058
786125
786203
786268
786622
786637
786710
786932
786937
787069
787243
787332
787393
787450
787703
787773
787817
788237
788362
788389
788442
788463
788683
788868
789063
789250
789293
789344
789351
789383
789463
789527
789529
789549
789664
789677
674312
789747
774570
789806
789824
790073
790365
790495
790783
790791
790838
790851
790913
990086
791129
791317
791441
791508
791554
769117
791656
791676
791691
791694
792002
792019
792052
792182
792230
792381
792491
792604
792696
792826
792945
792998
793165
793207
793338
793380
793499
793834
793924
794005
794124
794258
794271
794303
794405
794580
794702
794730
794790
794848
513020
794918
794967
794990
437398
962376
795034
795090
795109
795166
731315
795292
795294
795384
795393
795512
795550
795574
795594
795657
795910
795912
795921
795980
796034
796088
796432
796460
796592
734116
560649
796658
796762
796988
309899
797082
797141
797174
797213
797274
797299
797495
797696
797729
797964
798072
798603
798614
799225
799313
799351
799380
799400
799439
799530
799562
762013
799784
799804
799807
799877
799894
799898
799961
799990
800049
800055
800143
800272
317867
800389
800466
800514
800542
800565
14845
800592
800597
231998
800814
800833
801195
801379
801531
743396
801634
801845
801858
801872
801905
802180
80893
802315
802327
802959
923476
803055
58221
803114
803119
803129
803173
803281
803281
803403
803639
803673
803839
804032
804079
804099
804124
804293
804342
804452
804682
804798
804822
804831
804867
804923
804942
805050
805124
805276
805337
805657
805671
805686
805921
805929
806023
806326
806368
806370
389569
806390
806394
806403
806412
806457
806520
806527
806599
806631
806863
806888
806966
806988
807106
807240
807322
807404
807446
807525
807552
807610
807727
807727
807770
808100
808262
808572
871937
808588
808665
808719
809113
809171
809184
809203
809229
707992
809654
809671
809695
809769
809807
809808
809903
810185
810249
194335
810979
811059
811076
811301
811362
811426
811551
811617
811681
811694
811717
811786
812046
812112
812330
812427
812440
812455
812598
934001
812817
812834
812970
813036
813073
813099
813136
813169
813252
813317
813330
813426
813641
813665
813713
814035
814095
814098
814125
814225
814246
814384
814531
814578
814699
814717
814722
814781
637741
932579
814904
723916
814946
815115
815116
815221
815269
192327
815315
815657
815904
815970
816040
816093
816152
816229
816314
816615
206700
816867
816916
816982
816994
817017
817086
817110
817246
817340
817872
818034
818152
818171
818279
818282
232486
818325
818436
818436
818520
818522
818530
818576
818587
819124
819223
819392
819526
246318
819580
819831
819945
819986
785294
820098
820316
820500
820624
820773
820850
821088
821363
821475
821640
821747
821803
821871
821966
822204
90044
822396
218307
822422
822501
273549
822590
822788
823026
823028
823055
823137
823355
823607
823644
227237
823674
823711
823785
823900
823973
824188
824263
824294
824438
824453
824471
824510
824553
824564
401544
824572
824769
824779
824924
761793
825250
825287
825300
825336
825364
820773
270623
825554
825617
825715
825777
825867
825885
826052
826166
826402
826408
826451
826467
826492
826515
826531
826543
826847
826998
827005
843433
827058
827061
827183
827479
827631
827707
827831
882097
828084
828204
317960
828289
828361
828386
828883
375038
829005
829043
829106
829137
829209
829277
829288
829503
829563
829724
185351
38410
829915
830038
830061
769828
830368
830387
830390
830458
830459
830849
831151
671178
831322
831369
831409
831664
831691
831752
831824
832155
832474
832657
832816
832850
832974
833011
833258
833416
833472
833619
833649
833755
833839
502138
833923
833978
834005
834295
834360
834655
834675
834863
834937
834955
835256
835415
835421
835431
835446
835517
835613
835615
835645
835877
835969
836136
797495
836153
836206
836274
836456
836517
836595
836747
836944
836997
837256
837342
837405
837474
837674
837675
837684
837767
837810
837816
837979
837987
838037
838283
838330
838340
838500
838618
838836
838884
838925
838994
839141
839701
839729
839781
839874
89042
840166
1289
840213
840520
840564
840642
840726
840830
753411
840859
840929
840998
841137
841397
841581
962573
841691
841857
841942
842085
842105
842228
842313
842422
842434
842637
842672
842887
842893
842993
843000
843019
843110
843185
843276
631062
843303
843350
843398
843411
843433
843523
843548
924942
843778
844230
844253
844306
844345
844375
844398
844488
844508
844654
844759
844932
844943
845157
845346
845368
845498
845540
845662
845673
845712
845739
845763
845817
845826
846007
846027
846040
846058
846174
846206
846215
846296
846300
846301
841857
846304
846338
846407
846556
846672
846755
847156
847172
847371
847440
847643
847674
847693
847731
847755
847825
847851
848009
848080
848119
848182
848349
848483
848735
848749
848806
848819
849050
849198
849208
849434
849514
849780
850081
850136
850142
850231
850248
531334
850297
850449
340790
850589
850674
850723
850908
850983
851060
851090
851099
851173
851205
851229
851241
851289
323749
851306
851583
851823
852018
852090
727441
852649
852831
852832
852876
852930
852993
853073
853130
853138
853179
853326
853344
853347
853517
581716
853534
853603
853657
853708
853771
853842
853953
854168
854187
854288
269830
854335
854501
854583
854815
854917
855243
855420
855422
855431
964673
855462
855561
855580
855726
855762
856092
856198
856228
856312
291357
856345
856372
856373
856422
978715
992735
856602
856615
856686
856759
856845
856911
856927
857041
857096
857322
857468
857543
857576
857582
857654
857875
857932
857976
858016
858152
858195
858306
858417
858418
858561
858567
85848
858918
859049
859134
859140
617142
859243
859261
859307
859321
859381
859615
859781
859810
859941
846301
110929
859962
859967
860161
860469
860522
860611
860747
860805
861182
451771
861189
861296
861499
861523
861538
861662
861714
861777
861821
861896
861982
862086
862102
862217
8270
862339
862416
862437
862908
862942
863115
863160
863167
863303
863339
863401
863514
863636
863717
863798
863994
864034
864201
864514
864534
864568
864779
864911
864962
865205
865347
865396
865501
865660
865862
865967
865983
866027
866130
866148
866298
866306
866370
866382
866666
866997
867072
867240
867316
75974
867395
867612
867716
867743
319291
39354
867758
867853
868184
868186
868202
868212
868317
868369
868573
868650
868734
868763
103629
868859
869341
869524
869548
869602
869926
870004
870059
870240
870307
870396
870423
870488
846296
870605
870689
870840
673743
870842
871041
871187
871194
871292
871525
871600
871667
871684
871815
871937
872031
419398
737110
872481
872637
872667
872690
872691
872840
632541
872862
872872
872883
873171
873252
873356
873773
873799
873906
874031
874071
874079
874080
874114
874232
755095
874271
874361
874362
874401
874482
874531
874555
874707
874837
874860
874868
874992
875325
875417
875449
875504
298875
875628
875859
876315
876360
876458
876459
876738
876795
876835
876913
877120
877256
877324
877364
877403
877545
877560
877658
877720
877791
877880
958253
877892
877949
877993
878040
878062
878083
878116
878125
878132
878139
878179
878246
878299
878502
878540
878795
879009
879108
497435
407249
879258
879258
879343
879414
879504
879561
879872
879900
879933
879942
880239
880246
880266
600851
880344
880470
880524
880605
880703
880813
771325
881064
881149
881169
881177
881189
881236
881429
881497
881509
881532
881778
881788
881791
881801
881933
881957
882097
882206
882471
882500
882541
882790
882875
883088
883089
883098
883213
883581
884035
884106
884110
884168
884171
884537
884706
884765
885090
885114
885320
885404
885558
885615
885746
885747
885954
885991
886028
886035
886097
886146
886224
886249
886272
405643
886316
886414
886586
886892
886920
886946
886960
887045
887145
887183
887616
887695
887747
887756
887773
887814
887923
934292
888025
888056
888084
846672
888143
888165
434718
888388
888632
888648
888673
888765
888923
888975
888987
888991
807552
884706
889114
889149
638196
889296
889299
506208
889518
889623
889695
889737
889815
889857
889911
889992
890030
890135
890442
890499
890733
890788
890869
890948
891064
891068
891262
891490
891504
891626
31015
891700
891761
891872
892060
892101
892244
892252
892260
892589
892610
892632
892674
892725
892745
892764
892839
892877
892910
893101
893248
893281
893383
893461
893494
893507
893580
893719
410827
893803
894029
894032
894210
894285
894357
894413
894430
894433
894570
894591
894606
894849
894878
894929
338331
895382
528099
895623
895641
895772
895797
895857
920640
896083
896160
896171
896190
896196
896223
896323
896416
262625
896508
896645
896657
896744
896762
896887
897032
897372
897578
897747
897878
898049
941314
898227
898258
898482
898507
898727
898729
898732
898756
898795
898845
898958
899016
899123
899212
899271
899339
899408
899703
899806
899926
900115
265836
900263
900362
318352
900499
900511
617141
900525
900764
900854
900906
901191
901484
901522
901573
901625
901715
902361
902368
888143
902562
902672
902883
903282
903385
903413
903454
903509
903570
903684
903733
903738
903753
581243
904267
904354
904441
904485
904626
904675
904967
904993
905004
109936
905083
