3
83
422
689
922
968
1008
1018
1026
1452
1461
1519
1659
1666
1678
2064
2073
2079
2208
2249
2470
2707
2728
2743
2774
2837
2845
2877
2924
3035
3251
3614
3697
4176
4288
4452
4474
4729
4763
4797
4802
5156
5299
5328
5514
5673
5773
5778
5818
5857
6073
6104
6196
6401
6500
6569
6804
6862
6862
7034
7102
7261
7268
7438
7445
7483
7754
7993
8042
8125
8214
8217
8238
8272
8358
8406
8642
8656
8783
8808
8849
8954
9236
9239
9346
9373
9393
9415
9428
9491
9518
9587
9601
9636
9663
9857
9985
10083
10401
10548
10669
10704
10719
10820
10828
10953
10963
11341
11354
11454
11504
11554
11696
11761
11777
11882
11983
12031
12101
12108
12119
12305
12395
12506
12682
12687
12955
12964
13152
13277
13286
13328
13345
13355
13589
13669
13679
13743
13910
14028
14084
14164
14239
14351
14416
14497
14657
14816
14864
14878
14977
14994
15066
15072
15091
15100
15128
15155
15185
15244
15247
15474
15535
15660
15660
15669
15712
15899
15899
16185
16312
16440
16449
16520
16748
16793
16847
16974
17020
17288
17379
17444
17685
17688
17723
17763
17772
17798
17848
17975
17985
18010
18012
18042
18202
18212
18300
18670
18675
18742
18846
18954
19395
19414
19415
19724
19748
19778
20100
20126
20183
20255
20399
20420
20551
20851
21090
21187
21481
21598
21599
21612
21686
21787
21947
21988
22098
22142
22325
22411
22529
22565
22596
22606
22645
22698
22724
22780
23014
23044
23149
23332
23370
23503
23541
23550
23559
23643
23739
23908
23926
23948
23984
23996
24063
24071
24074
24196
24200
24219
24399
24522
24680
24724
24816
25076
25114
25187
25344
25357
25400
25630
25693
25714
25857
25956
26087
26186
26328
26429
26470
26494
26500
26545
26606
26609
26664
26687
26932
27294
27321
27481
27493
27526
27563
27637
27646
27824
28010
28160
28188
28437
28494
28534
28550
28713
28818
28826
28842
29114
29322
29331
29430
29438
29531
29544
29547
29589
29832
30002
30108
30178
30274
30279
30653
30930
31111
31276
31386
31547
31650
31737
31748
31767
32153
32197
32205
32290
32308
32444
32481
32490
32540
32594
32667
32794
32949
33029
33040
33041
33340
33355
33492
33783
33794
34040
34331
34478
34750
34767
34903
35022
35286
35494
35555
35667
35780
35942
36016
36031
36170
36219
36293
36511
36647
36710
36910
36957
36965
37018
37073
37156
37192
37199
37268
37273
37400
37582
37587
37613
37984
38086
38274
38435
38470
38527
38964
39036
39066
39404
39437
39443
39497
39531
39631
39668
39677
39831
39861
39877
39994
40116
40167
40195
40355
40396
40560
40570
40635
40707
41046
41341
41442
41669
41777
41805
41975
42026
42128
42380
42420
42543
42680
42685
42814
42898
42903
42915
43086
43198
43268
43272
43430
43585
43618
43642
43677
43747
43854
43894
43933
43961
44053
44217
44389
44397
44878
44945
45133
45349
45393
45442
45575
45582
45666
45825
45857
45883
45929
45988
46014
46014
46040
46290
46305
46447
46460
46468
46486
46620
46653
46691
46741
46875
46922
47306
47432
47461
47528
47555
47603
47717
47723
47795
47802
48034
48082
48128
48235
48406
48560
48570
48584
48769
48792
48838
48979
49005
49085
49102
49182
49293
49296
49467
49590
49596
49693
49724
49749
49897
49959
50023
50030
50158
50168
50174
50208
50223
50224
50427
50493
50505
50570
50900
50918
50994
51043
51093
51157
51214
51247
51385
51388
51467
51537
51606
51876
51916
51926
52019
52068
52189
52231
52242
52266
52271
52285
52441
52707
52805
52829
52906
53149
53205
53251
53486
53501
53568
53591
53670
53766
53792
53821
53897
54140
54196
54239
54467
54586
54666
54989
55109
55216
55235
55274
55304
55496
55585
55826
55856
55920
55997
56185
56342
56594
56808
56906
56967
57128
57245
57706
57712
57826
57962
57994
58073
58118
58280
58286
58411
58589
58602
58648
58725
58857
58969
59123
59151
59329
59420
59455
59485
59640
59833
59861
60361
60375
60400
60583
60587
60650
60685
60743
60846
60865
60906
61009
61129
61183
61247
61545
61637
61754
61907
61991
62030
62087
62320
62448
62685
62908
63004
63042
63322
63338
63367
63394
63466
63589
63734
63842
63985
64049
64108
64164
64178
64255
64453
64675
64751
64952
65073
65151
65201
65260
65686
65778
65914
65937
65938
65959
65969
65984
65992
66056
66226
66228
66247
66272
66286
66350
66469
66480
66574
66782
66863
66876
66940
67018
67024
67099
67213
67246
67275
67352
67353
67435
67440
67486
67668
67670
67708
67784
67798
68065
68118
68155
68207
68252
68660
68858
68860
68903
68978
69006
69122
69234
69410
69464
69642
69852
69900
70041
70099
70219
70235
70292
70307
70319
70421
70564
70675
70751
70761
71100
71147
71275
71329
71330
71332
71454
71467
71505
71577
71800
71820
72025
72217
72219
72262
72422
72424
72555
72568
72605
72834
72924
73233
73442
73531
73843
73850
73859
73921
73960
73985
74120
74146
74159
74220
74481
74613
74648
75220
75290
75300
75300
75310
75329
75354
75407
75436
75544
75545
75620
75683
75839
75854
75954
75999
76006
76034
76253
76253
76332
76477
76546
76647
76753
76787
76883
76912
77084
77089
77405
77540
77609
77787
77794
78000
78109
78188
78249
78549
78806
79017
79070
79091
79201
79360
79381
79532
79586
80069
80078
80213
80394
80630
80641
80650
80702
80794
80893
81087
81156
81180
81188
81217
81285
81339
81359
81568
81637
81820
81856
81933
82121
82125
82246
82452
82457
82529
82689
82797
82826
83012
83076
83100
83220
83313
83389
83514
83580
83667
83757
83856
83982
84017
84163
84249
84276
84523
84661
84728
84882
84945
85004
85143
85189
85388
85487
85664
85694
85711
85727
86129
86409
86531
86535
86656
86667
86704
86746
86788
86988
87008
87190
87222
87356
87457
87473
87537
87574
87603
87706
87719
87748
87824
87909
88082
88088
88098
88709
88757
88771
88930
88995
89012
89051
89085
89088
89106
89135
89319
89644
89661
89949
90342
90459
90519
90528
90569
90836
90912
91004
91041
91230
91248
91456
91494
91656
91663
91702
91800
91954
92125
92403
92426
92736
92741
92791
92804
92816
92881
92999
93391
93403
93475
93478
93781
93833
94185
94323
94364
94554
94556
94855
94865
94940
94948
94962
95151
95202
95234
95280
95293
95534
95544
95600
95604
95648
95678
95727
95812
96052
96091
96298
96445
96831
97051
97299
97324
97376
97410
97728
97757
97777
97785
97806
97834
97847
97994
98001
98066
98087
98164
98276
98383
98588
98730
98793
98879
98968
99367
99457
99497
99557
99563
99697
99834
99988
100121
100195
100277
100373
100393
100466
100489
100506
100535
100558
100650
100748
100894
101320
101354
101790
101926
102113
102221
102322
102352
102615
102824
102895
102925
102934
103095
103208
103320
103458
103509
103642
103657
103707
103732
103802
103845
103912
103921
104027
104232
104253
104285
104585
104630
104647
104681
104819
104931
105004
105031
105156
105209
105352
105407
105526
105682
105785
106034
106201
106305
106441
106508
106524
106669
106673
106713
106797
107091
107097
107312
107623
107700
107711
107804
107849
108203
108247
108250
108250
108299
108462
108515
108529
108566
108751
108757
108764
108825
108916
108923
108962
108965
109214
109231
109658
109872
109900
110104
110146
110301
110351
110388
110396
110448
110574
110620
110665
110679
110989
111003
111123
111325
111360
111364
111381
111486
111690
111713
111728
111742
112063
112396
112738
113114
113176
113301
113312
113317
113342
113345
113466
113499
113539
113596
113608
113767
113801
113802
113833
113878
114076
114082
114114
114129
114152
114451
114654
114732
114748
114792
114817
114822
115042
115260
115293
115320
115361
115520
115796
115869
116046
116084
116095
116317
116339
116371
116400
116436
116743
116784
116971
117142
117211
117218
117274
117321
117420
117508
117769
117806
117900
118091
118103
118103
118242
118247
118339
118433
118523
118588
118650
118699
118844
118860
118862
119132
119180
119343
119616
119908
119967
120128
120352
120367
120390
120522
120904
120999
121159
121355
121390
121424
121519
121530
121573
121654
121790
121851
121898
121968
122145
122289
122342
122443
122479
122530
122797
122821
122828
123092
123202
123297
123422
123447
123607
123614
123664
123668
124005
124245
124286
124311
124365
124421
124495
124611
124644
124843
124941
125190
125294
125453
125619
125749
125937
125980
126141
126210
126242
126316
126440
126456
126853
126992
126993
127077
127186
127359
127421
127461
127691
127720
127782
127837
127929
128119
128271
128386
128585
128698
128737
128790
128881
128933
129054
129078
129085
129234
129488
129515
129549
129559
129565
129684
129752
129802
129987
130109
130142
130217
130437
130463
130492
130672
130683
130700
130792
130827
130835
130964
131001
131190
131279
131413
131526
131811
131890
131998
132273
132338
132374
132462
132492
132494
132664
132777
132829
132872
133063
133079
133305
133387
133390
133439
133481
133537
133547
133586
133673
133689
133932
133937
133949
133957
134145
134156
134174
134310
134398
134471
134477
134513
134557
134725
135326
135384
135391
135394
135613
135662
135925
136115
136368
136384
136536
136613
136660
136737
136803
137023
137117
137156
137276
137287
137411
137459
137560
137840
137849
137925
137936
138078
138293
138346
138503
138525
138589
138591
138660
138802
138815
138817
138832
138914
138942
139127
139161
139318
139329
139388
139440
139683
139700
139838
139998
140004
140076
140301
140317
140560
140732
140834
140957
141007
141093
141167
141170
141234
141347
141461
141612
141797
141894
142121
142123
142215
142216
142364
142368
142378
142488
142500
142530
142589
142960
142987
143026
143058
143138
143241
143411
143448
143566
143595
143832
143935
144017
144022
144207
144228
144377
144380
145075
145110
145251
145308
145320
145463
145581
145650
145654
145704
145707
145714
146080
146220
146286
146345
146451
146512
146527
146644
146659
146785
146801
146860
146882
146906
146950
147083
147106
147393
147400
147418
147473
147493
147494
147619
147620
147676
147842
147880
147961
147983
148134
148235
148383
148458
148564
148654
148752
148908
149097
149352
149410
149634
149681
149754
149757
149759
149772
149795
149935
150004
150058
150122
150283
150383
150496
150929
151196
151214
151257
151266
151298
151406
151446
151465
151537
151849
151866
152043
152149
152160
152230
152294
152606
152735
153089
153164
153175
153572
153730
153735
153836
154098
154160
154218
154268
154527
154645
154687
154737
154761
154797
154996
155053
155417
155417
155626
155931
156016
156086
156281
156300
156846
156877
157165
157256
157368
157561
157669
157703
157767
157782
158036
158140
158201
158206
158230
158308
158414
158528
158539
158638
158658
158671
158768
158791
158837
159128
159226
159295
159426
159498
159623
159712
159802
159815
160033
160061
160192
160295
160427
160444
160555
160557
160596
160794
160817
160941
160954
160955
160975
161074
161204
161252
161346
161460
161488
161489
161641
161825
161964
162000
162044
162162
162369
162419
162426
162545
162658
162828
162847
163126
163152
163316
163345
163352
163394
163434
163652
164042
164061
164094
164229
164269
164473
164600
164611
164716
164835
164849
164966
164991
165123
165287
165398
165705
165728
165843
165879
166058
166120
166138
166196
166386
166534
166771
166843
166909
167226
167342
167353
167395
167537
167578
167583
167739
167752
167805
167806
167950
168122
168138
168218
168230
168314
168489
168596
168632
168650
168739
168743
168834
169039
169173
169293
169509
169619
169619
169631
169638
169675
169888
169935
169981
170059
170094
170232
170340
170465
170472
170570
170620
170660
170672
170687
170841
171039
171099
171129
171321
171337
171343
171385
171529
171638
171831
172079
172135
172167
172238
172463
172544
172556
172701
172719
172756
172800
172817
173081
173136
173137
173213
173438
173458
173472
173481
173539
173571
173742
174104
174124
174199
174261
174323
174401
174608
174719
174719
174748
174757
174768
174811
174979
175098
175102
175174
175288
175303
175563
175638
175744
175816
175946
176114
176120
176235
176471
176517
176748
176782
176792
176840
176873
177015
177026
177056
177255
177478
177493
177533
177557
177569
177603
177611
177679
177768
177827
177975
177991
178414
178428
178448
178487
178567
178679
178908
179018
179347
179456
179529
179622
179692
179876
179880
180004
180004
180005
180060
180127
180140
180193
180341
180358
180401
180420
180430
180478
180514
180593
180611
180693
180968
181040
181110
181152
181186
181555
181597
181717
181729
181978
182136
182141
182141
182151
182152
182192
182241
182266
182329
182447
182495
182554
182715
183111
183210
183218
183529
183659
183711
183735
183909
184194
184368
184733
184761
184794
184797
185110
185171
185194
185338
185449
185529
185547
185703
185786
185801
185915
185979
186138
186179
186580
186674
186692
186729
186819
187055
187133
187264
187276
187347
187444
187463
187493
187573
188172
188211
188225
188415
188499
188810
188824
189114
189195
189325
189662
189767
189819
190326
190376
190445
190473
190568
190684
190852
190936
191015
191079
191224
191266
191345
191346
191378
191406
191503
191597
191877
191934
192324
192385
192723
192809
192932
193035
193173
193176
193285
193301
193372
193412
193843
194003
194098
194168
194247
194357
194703
194806
194812
194966
195015
195054
195249
195293
195407
195611
195819
195828
195912
195987
196121
196240
196282
196324
196446
196514
196581
196719
196732
196821
196840
196936
196970
197044
197130
197134
197195
197207
197264
197348
197351
197611
197640
197836
197863
197899
197913
197922
197953
198082
198401
198407
198582
198593
198751
199085
199098
199196
199389
199392
199417
199521
199633
199849
199947
200109
200208
200209
200384
200704
200710
200733
200768
200896
201038
201078
201084
201128
201144
201157
201270
201354
201399
201447
201564
201639
201711
201870
201881
201886
202028
202166
202384
202531
202549
202553
202607
202653
202820
202836
202845
203036
203225
203393
203396
203467
203569
203570
203606
203635
203824
203974
204268
204389
204410
204550
204583
204766
204793
205019
205020
205072
205104
205153
205346
205386
205473
205502
205585
205644
205757
206075
206117
206215
206386
206520
206729
206878
206943
207115
207196
207227
207298
207638
207888
208126
208236
208292
208596
208618
208627
208871
208910
208931
208975
209144
209168
209188
209250
209310
209552
209786
209823
209838
210032
210228
210228
210252
210443
210453
210474
210535
210938
211122
211266
211382
211437
211654
211666
211768
211790
211839
212266
212336
212471
212506
212555
212602
212817
212823
212825
212837
212952
212966
213058
213085
213551
213971
214006
214087
214148
214307
214335
214643
214663
214772
214782
215157
215273
215278
215494
215618
215728
215783
215841
215874
216016
216177
216290
216484
216616
216691
216937
217035
217294
217426
217427
217475
217587
217727
217907
217921
217987
218091
218222
218281
218420
218561
218654
218678
218979
218990
219071
219094
219113
219179
219198
219232
219268
219286
219487
219570
219716
219865
220268
220600
220822
220957
221032
221110
221198
221202
221237
221367
221387
221522
221933
222153
222199
222491
222525
222603
222654
222748
223171
223173
223187
223208
223281
223320
223449
223546
223555
223563
223596
223657
223690
223744
223747
223767
223781
223913
224309
224379
224519
224792
224820
225023
225031
225066
225070
225135
225205
225227
225394
225517
225577
225664
225830
225992
226051
226202
226657
226869
226873
226885
226955
227058
227091
227141
227225
227233
227326
227428
227442
227522
227569
227757
228101
228106
228168
228352
228353
228377
228571
228625
228642
228809
228865
228949
229000
229017
229056
229659
229763
229951
229956
229981
230066
230108
230186
230315
230423
230445
230509
230585
230619
230727
230758
230862
230901
230906
230935
231187
231402
231431
231448
231451
231528
231649
231724
232032
232189
232256
232385
232449
232465
232542
232636
232674
232685
232709
232916
232931
233119
233147
233175
233411
233503
233650
233912
233917
233929
233954
234076
234089
234321
234328
234349
234362
234370
234535
234545
234558
234621
234731
235028
235291
235292
235617
235685
235709
235744
235760
235803
235865
235944
236171
236209
236507
236548
236585
236929
237045
237062
237120
237225
237273
237279
237351
237407
237612
237628
237639
237677
237690
237702
238050
238124
238290
238576
238591
238697
238778
238983
239032
239132
239141
239202
239210
239222
239347
239477
239563
239591
239629
239774
240140
240257
240364
240387
240407
240479
240508
240568
240804
240882
240910
240971
241038
241093
241095
241379
241433
241565
241570
241573
241704
241731
241761
241785
241936
242029
242154
242294
242342
242397
242586
242597
242893
243088
243108
243195
243210
243219
243253
243299
243730
243764
243826
243849
243870
243987
244143
244198
244222
244284
244299
244492
244519
244920
244963
245003
245145
245152
245217
245236
245353
245493
245567
245764
245992
246217
246242
246504
246601
246716
246873
247119
247138
247208
247344
247455
247460
247516
247558
247749
247821
247867
247961
247992
248187
248266
248312
248489
248621
248733
248747
249116
249125
249135
249276
249341
249443
249510
249644
249721
249795
249833
249885
250023
250060
250144
250190
250288
250619
250653
250794
251156
251165
251260
251260
251298
251394
251464
251521
251759
251813
252089
252104
252191
252247
252350
252393
252794
252906
252919
253171
253311
253381
253796
253931
253967
253980
254259
254298
254385
254652
254817
254857
254901
254910
254925
254983
255154
255211
255787
255870
256003
256034
256198
256269
256281
256356
256367
256409
256567
256671
256692
256705
256749
256787
256917
257197
257287
257313
257314
257354
257425
257434
257497
257525
257648
257649
257686
257883
258095
258105
258133
258307
258471
258546
258658
258668
258715
259109
259369
259557
259755
259867
260049
260081
260118
260268
260517
260522
260750
260939
261222
261265
261548
261657
261863
261880
262229
262274
262425
262756
262761
262770
262835
262952
263102
263118
263160
263195
263295
263714
263800
263821
263917
264036
264192
264199
264249
264404
264430
264447
264519
264568
264656
264792
264937
264982
265157
265232
265259
265323
265483
265591
265593
265658
265684
265730
265814
265880
265917
265999
266007
266033
266090
266190
266625
266693
266758
266805
266965
267067
267360
267371
267551
267638
267704
267711
268052
268076
268243
268444
268498
268547
268572
268602
268621
268768
268997
269004
269061
269256
269504
269505
269709
269938
270120
270150
270366
270575
270669
270687
270720
270754
270948
270991
271041
271190
271240
271303
271641
271645
271688
271700
271715
271853
271961
271977
272035
272162
272255
272259
272319
272378
272485
272721
272941
272942
272990
273096
273111
273283
273329
273390
273539
273558
273638
273708
273812
273852
273976
274107
274243
274431
274684
274694
274763
274864
274898
274962
275007
275034
275100
275129
275150
275189
275281
275290
275451
275615
275693
275805
275916
275926
276018
276069
276224
276310
276314
276317
276345
276398
276440
276614
276894
276940
276970
277143
277255
277319
277387
277393
277497
277600
277644
277743
277772
277866
278019
278203
278331
278415
278420
278533
278911
279020
279081
279228
279256
279260
279325
279439
279603
279794
279957
279980
280032
280205
280272
280321
280321
280349
280457
280481
280666
280723
280738
280804
281039
281098
281164
281319
281564
281838
281955
282052
282351
282372
282516
282587
282708
282910
283091
283143
283169
283280
283348
283388
283418
283527
283662
283834
283847
283964
283988
284122
284231
284234
284325
284408
284408
284593
285020
285175
285194
285689
285698
285700
285811
285888
286292
286311
286403
286529
286648
286742
286806
286837
286912
287055
287102
287305
287376
287498
287862
288048
288166
288361
288418
288472
288497
288499
288598
288677
288742
288831
289225
289420
289459
289470
289533
289706
289771
289905
290029
290034
290284
290327
290400
290407
290506
290741
290882
290919
290973
291347
291422
291610
292130
292224
292255
292532
292887
293158
293209
293320
293436
293489
293511
293594
293762
294044
294142
294202
294318
294346
294359
294366
294401
294452
294533
294551
294748
295206
295245
295381
295443
295523
295605
295628
295637
295685
295708
295713
295774
296058
296301
296367
296437
296602
296650
296725
296756
297039
297075
297154
297200
297409
297446
297750
297889
298177
298192
298504
298607
298675
298847
298985
299016
299028
299178
299543
299585
299603
299674
299733
299789
299872
299956
299980
299987
300303
300503
300614
300616
300647
300668
300708
300869
300884
300906
300920
301459
301728
301778
301967
302113
302115
302381
302403
302473
302492
302648
302799
302995
303161
303400
303555
303613
303769
303804
303837
303904
303948
304027
304071
304299
304329
304428
304807
304993
305045
305166
305249
305279
305496
305613
305644
305770
306570
306776
306830
306945
307121
307212
307335
307336
307353
307480
307634
307695
307723
307786
307825
307901
307971
308005
308132
308194
308240
308308
308366
308475
308635
308732
308792
308951
309041
309102
309120
309203
309556
309624
309854
309857
309931
309940
310229
310260
310345
310395
310518
310683
310691
310761
310958
311034
311050
311096
311158
311269
311297
311546
311624
311681
311740
311746
311747
311929
311938
312226
312356
312419
312473
312512
312562
312907
313029
313060
313101
313158
313304
313373
313469
313626
313685
313761
313860
313879
313936
314044
314328
314457
314476
314625
314639
314864
315078
315116
315195
315239
315245
315454
315829
315993
315999
316118
316199
316257
316260
316309
316375
316386
316469
316478
316479
316527
316585
316621
316665
316970
316990
317029
317200
317310
317323
317501
317719
317824
317925
317940
318058
318215
318239
318820
318883
318979
319094
319135
319150
319243
319245
319339
319473
319485
319555
319603
319692
319708
320158
320209
320284
320314
320423
320655
320875
320890
320962
320988
321159
321174
321176
321360
321541
321597
321614
321620
321735
322016
322041
322061
322128
322207
322394
322419
322465
322525
322624
322665
322989
323063
323135
323139
323152
323258
323266
323349
323462
323578
323611
323793
323822
323901
323941
323956
323962
323979
324076
324126
324198
324375
324426
324477
324508
324591
324822
324876
325124
325365
325502
325817
325857
326107
326121
326261
326499
326554
326562
326619
326856
326889
326911
327138
327159
327231
327266
327583
327628
327813
327821
327844
327853
327878
328001
328303
328336
328457
328527
328536
328547
328585
328835
328838
328909
328952
329102
329184
329225
329305
329384
329470
329636
329653
329711
329751
329807
329978
330095
330101
330164
330267
330274
330277
330432
330535
330598
330683
330791
331079
331208
331222
331442
331458
331686
331746
331772
331835
331841
332019
332076
332177
332199
332303
332378
332404
332472
332643
332649
332664
332669
332678
332684
332869
332955
333015
333247
333361
333455
333533
333584
333611
333659
333681
333818
333898
333960
334033
334044
334056
334181
334220
334246
334256
334321
334407
334554
334659
334729
334834
334844
334853
335024
335032
335036
335419
335475
335481
335498
335512
335791
335795
335800
335948
336088
336154
336184
336240
336579
336603
336747
336770
336901
336974
337184
337474
337563
337590
337623
337648
337705
337733
337741
337809
337841
337867
337968
338000
338068
338103
338271
338522
338811
338888
338937
339130
339165
339381
339678
339763
339799
339908
340063
340088
340130
340209
340225
340425
340449
340566
340619
340699
340725
340861
340983
341013
341053
341225
341225
341279
341451
341571
341696
341897
342001
342132
342277
342291
342294
342800
342904
342909
342917
342956
343059
343143
343326
343448
344050
344078
344099
344125
344194
344204
344465
344490
344508
344710
344736
344770
344829
344920
344920
344997
345004
345051
345278
345338
345739
345750
345955
346032
346040
346196
346252
346284
346393
346496
346623
346652
346784
346840
347193
347222
347316
347360
347381
347580
347717
347725
347758
347869
347918
347991
348060
348098
348146
348224
348242
348548
348560
348620
348878
348945
349054
349070
349137
349314
349498
349516
349602
349612
349663
349681
349784
349874
349928
349943
349982
350047
350059
350148
350443
350594
350873
351019
351064
351193
351273
351380
351447
351544
351546
351640
351656
351741
351838
351962
351980
351981
352038
352058
352184
352611
352691
352735
352816
353001
353024
353166
353445
353469
353557
353601
353632
353727
353872
353982
353997
354001
354185
354223
354241
354540
354834
355187
355221
355260
355340
355483
355497
355533
355794
356002
356133
356188
356327
356396
356432
356476
356721
356814
356841
357243
357249
358034
358206
358308
358322
358353
358439
358471
358481
359177
359183
359221
359351
359650
359658
359719
359906
359934
359941
359991
360020
360046
360072
360074
360080
360333
360369
360578
360612
360674
360793
360808
360809
360812
360834
360886
361073
361215
361409
361704
361867
361894
362144
362225
362473
362497
362826
362915
363356
363371
363420
363456
363596
363682
363808
363879
363887
363929
363934
363947
364197
364257
364261
364329
364680
364724
364732
364823
365133
365251
365324
365336
365371
365460
365602
365669
365694
365777
365810
365863
365870
365918
365927
366194
366216
366235
366257
366331
366504
366555
366566
366571
366634
366699
367102
367173
367300
367626
367887
368130
368188
368269
368406
368424
368640
368674
368738
368974
369057
369105
369127
369336
369391
369429
369433
369490
369674
369850
369892
369894
370175
370482
370590
370652
370656
370723
370765
370845
370867
370897
370934
370993
371030
371065
371465
371592
371614
371658
371747
371805
371939
371945
372086
372104
372177
372307
372338
372400
372453
372615
372641
372648
372869
372912
372948
373006
373050
373147
373177
373315
373370
373424
373443
373572
373626
373695
373926
373951
374085
374183
374259
374268
374761
374775
374826
374834
374949
375056
375095
375353
375379
375430
375598
375642
375654
375740
375812
375900
375900
375929
376013
376020
376193
376339
376390
376483
377112
377216
377274
377411
377491
377764
377901
378057
378061
378247
378250
378264
378283
378305
378449
378507
378590
378786
378786
379017
379103
379321
379424
379447
379748
379785
379816
379955
380073
380152
380350
380429
380524
380575
380586
380711
380714
380766
380875
380969
381350
381426
381429
381593
381901
381917
382123
382361
382376
382536
382721
382724
382767
382854
382875
383041
383107
383168
383412
383598
383600
383827
383829
383900
383947
383968
384455
384512
384723
384755
384887
384911
385086
385102
385109
385135
385183
385185
385501
385513
385551
385617
385810
385935
385939
385985
386336
386342
386445
386567
386589
386648
386700
386825
386839
386852
386861
386892
386905
387070
387099
387190
387345
387502
387681
387703
387715
387738
387768
387948
388171
388277
388526
388585
388587
388627
388643
388759
388965
389084
389194
389212
389509
389517
389581
389886
390131
390162
390201
390213
390385
390429
390627
390674
390742
390844
390890
391024
391135
391160
391183
391333
391396
391899
391920
391934
392006
392102
392168
392215
392337
392429
392456
392488
392531
392558
392574
392668
392787
392988
392993
393096
393251
393300
393312
393373
393387
393439
393686
393775
394068
394245
394417
394425
394430
394496
394575
394695
394723
394782
394782
395005
395116
395292
395321
395679
395897
395904
396159
396350
396360
396370
396584
396657
396832
396838
396921
397983
398069
398319
398411
398522
398608
398712
398778
398886
398908
399279
399534
399575
399641
399699
399727
399750
399897
400091
400113
400114
400390
400477
400685
400707
400736
400803
400987
401026
401178
401255
401462
401686
401774
401843
402043
402380
402593
402792
402910
402963
403021
403036
403054
403102
403107
403178
403205
403298
403315
403391
403477
403499
403507
403560
403707
403746
403791
403878
403933
403946
404082
404105
404169
404185
404281
404550
404562
404691
404752
404963
405249
405355
405742
405872
405930
405936
406104
406307
406500
406505
406571
406572
406675
406778
406851
407127
407142
407174
407316
407444
407463
407551
407618
407735
407763
407833
408260
408281
408483
408597
408635
408653
408725
409239
409453
409511
409530
409622
409665
409686
409716
409920
409946
410061
410120
410138
410381
410451
410907
411415
411466
411549
411965
412043
412096
412391
412528
412568
412619
412779
412837
412884
412887
413060
413179
413239
413272
413480
413491
413505
413536
413900
414078
414187
414333
414474
414705
414782
414797
414852
414933
414944
414964
415024
415042
415101
415116
415145
415202
415346
415398
415418
415526
415560
415657
415673
416070
416079
416152
416356
416591
416649
416726
416936
417059
417060
417109
417120
417334
417630
417682
417879
417943
417968
418064
418076
418245
418265
418267
418341
418349
418364
418407
418496
418647
418689
418780
418994
419026
419064
419112
419306
419329
419341
419400
419416
419489
419540
419601
419607
419670
419671
419804
419833
420046
420089
420096
420390
420441
420466
420678
420811
420978
421172
421180
421181
421349
421363
421445
421500
421644
421689
421722
421951
421964
422009
422012
422273
422313
422424
422768
422794
422883
422899
422962
423075
423245
423256
423406
423703
423850
423924
424068
424148
424280
424288
424373
424375
424393
424428
424437
424442
424472
424485
424618
424782
424800
424806
424926
424930
424945
425007
425202
425350
425464
425539
426238
426405
426416
426433
426447
426477
426519
426606
426641
426870
426877
426950
427048
427067
427079
427104
427577
427797
427880
428064
428318
428482
428525
428531
428643
428704
428720
428773
428814
429017
429216
429233
429239
429324
429383
429771
429873
429974
430480
430726
430851
430867
430922
430957
431014
431065
431085
431085
431304
431537
431737
432134
432275
432499
432642
432695
432834
432834
432876
432903
432942
433099
433134
433153
433169
433310
433400
433425
433427
433464
433630
433664
433743
433765
433847
433907
433913
434075
434089
434146
434327
434370
434370
434410
434504
434510
434520
434654
434655
434774
434866
435001
435151
435299
435319
435618
435672
435687
435737
435771
435781
435824
435941
436051
436081
436099
436290
436344
436349
436447
436643
436649
436798
436848
436866
436882
436945
437251
437374
437441
437539
437588
437651
437658
437691
437702
437771
437774
437807
437925
438016
438105
438186
438249
438313
438581
438833
438885
438900
439007
439197
439327
439486
439603
440221
440274
440280
440685
440705
440765
440931
440998
441044
441046
441119
441144
441172
441256
441422
441600
441654
441826
441896
442105
442185
442191
442316
442377
442613
442620
442763
442982
443079
443177
443180
443284
443297
443307
443307
443335
443445
443758
443846
443853
443934
443953
443958
444003
444128
444225
444374
444392
444430
444457
444458
444599
444606
444683
444960
445053
445094
445095
445200
445282
445542
445795
445796
445950
446002
446024
446040
446316
446440
446468
446537
446610
446619
446891
447015
447135
447163
447286
447565
447567
447609
447626
447731
447790
447791
447941
447942
448115
448213
448279
448282
448350
448404
448439
448487
448629
448668
448868
449081
449181
449409
449671
449715
449748
449767
449909
450367
450411
450475
450505
450702
450728
450890
451163
451170
451184
451214
451323
451481
451660
452069
452115
452381
452561
452574
452642
452645
452847
452891
453239
453660
453725
453794
453848
454082
454094
454138
454302
454321
454579
454729
454763
454850
455237
455347
455349
455375
455383
455427
455773
455776
456064
456083
456113
456191
456217
456236
456278
456432
456521
456797
456902
456980
457077
457179
457394
457494
457594
457692
457766
457864
457923
458071
458190
458253
458408
458522
458552
458860
458947
458948
459192
459365
459501
459551
459665
459757
459821
459890
459904
459964
460272
460407
460421
460587
460647
460675
460680
460979
461028
461044
461321
461425
461512
461539
461554
461583
461592
461664
461697
461730
461757
461902
461942
461962
462032
462150
462292
462308
462311
462381
462404
462409
462489
462502
462548
462754
462795
462886
462964
462988
463099
463235
463243
463344
463595
463693
463731
463740
463947
464193
464217
464263
464277
464327
464379
464448
464505
464623
464857
465090
465111
465191
465225
465281
465355
465362
465367
465497
465530
465742
465842
466128
466347
466610
466724
466871
466974
467081
467091
467175
467182
467199
467402
467436
467611
467670
467742
467743
467866
467869
468174
468178
468194
468230
468341
468471
468919
469036
469056
469238
469342
469615
469623
469787
469871
470031
470123
470174
470248
470357
470451
470591
470710
470731
470816
470873
471044
471233
471234
471344
471530
471537
471931
471960
472051
472125
472145
472333
472449
472488
472600
472723
472834
472996
473007
473044
473129
473210
473251
473387
473456
473482
473572
473673
473729
473931
473948
473994
474028
474129
474217
474311
474419
474419
474476
474555
474577
474713
474758
474865
474895
475103
475131
475175
475278
475330
475411
475557
475650
475792
475997
476081
476108
476241
476415
476625
476933
477009
477145
477222
477226
477239
477296
477301
477398
477518
477703
477833
478019
478046
478087
478092
478271
478279
478422
478444
478528
478569
478605
478733
478753
478846
478999
479131
479249
479275
479279
479351
479436
479449
479596
479634
479647
479670
479886
479931
479941
480065
480076
480131
480151
480176
480252
480331
480410
480571
480597
480616
481102
481177
481256
481456
481638
481654
481679
481752
481778
481824
481855
481899
482159
482313
482549
482577
483025
483125
483130
483298
483343
483431
483588
483604
483758
483832
483882
484063
484085
484098
484232
484330
484331
484656
484659
484883
485028
485057
485198
485283
485305
485305
485352
485431
485522
485548
485576
485607
485665
485808
485808
486092
486271
486277
486396
486463
486545
486815
486843
486985
487069
487167
487179
487265
487511
487588
487663
487705
487767
487840
487866
488077
488241
488381
488579
488806
489064
489098
489152
489282
489296
489302
489431
489503
489540
489540
489602
489639
489684
489911
489954
489969
490000
490386
490470
490512
490554
490620
490767
490921
491077
491121
491161
491250
491416
491435
491461
491462
491468
491615
491686
491775
491849
491869
491903
491975
492282
492604
492872
492881
492994
493049
493108
493149
493348
493434
493578
493724
493742
493776
493999
494007
494139
494279
494313
494316
494349
494414
494444
494469
494513
494596
494750
494758
494824
494827
494844
494958
495030
495036
495303
495344
495498
495640
495657
495698
495780
495841
495843
495855
495965
496305
496372
496582
496724
496729
497525
497634
497844
498223
498351
498665
498768
498853
498858
498879
498940
498952
499025
499077
499078
499320
499392
499466
499651
499738
499759
499820
499900
499983
500007
500213
500355
500473
500492
500576
500628
500657
500673
500771
500971
501200
501261
501292
501388
501391
501435
501481
501684
501690
501716
501719
501762
501901
501929
501933
502070
502113
502114
502439
502516
502782
502796
502847
502915
502971
502988
503024
503056
503378
503413
503473
503744
503847
503909
503928
503967
503969
503992
504242
504261
504334
504359
504380
504455
504514
504590
504688
504705
504917
504954
505040
505169
505223
505799
505855
505941
506056
506063
506120
506280
506285
506320
506356
506473
506489
506963
507207
507272
507520
507547
507675
508039
508083
508094
508298
508353
508471
508592
508816
508936
508941
508944
508967
509419
509435
509519
509530
509581
509793
509896
509976
510072
510190
510247
510407
510431
510447
510472
510626
510635
510677
510899
510911
510993
511136
511436
511525
511927
512004
512127
512207
512549
512587
512783
512910
513011
513113
513126
513309
513331
513378
513421
513466
513619
513647
513748
513771
513836
513888
514424
514504
514583
514731
514910
515307
515342
515368
515763
515866
515984
516165
516290
516412
516417
516598
517103
517503
517659
517777
517785
517845
517901
517910
518024
518031
518056
518067
518084
518495
518511
518520
518599
518606
518748
518780
518808
518952
518968
518968
518976
519006
519021
519138
519343
519417
519719
519789
519953
520045
520172
520214
520242
520386
520473
520543
520600
520686
520729
520794
520932
520953
521095
521283
521287
521430
521558
521762
521885
521966
522020
522032
522256
522261
522367
522370
522573
522592
522628
522701
522794
522833
522961
522966
523103
523158
523287
523287
523313
523508
523645
523748
523902
523959
524264
524293
524603
524868
524908
525036
525120
525376
525423
525457
525541
525589
525612
525635
525673
525767
525817
526065
526113
526193
526386
526415
526455
526656
527075
527085
527106
527125
527288
527304
527338
527386
527452
527540
527640
527652
527750
527822
528000
528009
528068
528288
528342
528386
528399
528702
528734
528892
528994
529219
529335
529399
529432
529533
529544
529620
529638
530215
530368
530406
530682
530771
530857
530960
531010
531218
531228
531255
531377
531402
531408
531471
531614
531684
531718
531810
531870
531889
531894
532090
532090
532253
532283
532302
532439
532718
532811
532831
532863
532961
533043
533087
533192
533297
533363
533720
533905
534240
534336
534438
534475
534486
534587
534603
534698
534740
534909
534953
534991
535030
535150
535161
535197
535422
535490
535526
535578
535601
535613
535711
536282
536302
536342
536503
536537
536542
536573
536618
536625
536725
536730
536741
536789
536789
537050
537075
537128
537160
537261
537289
537569
537623
537656
537913
537957
538112
538240
538289
538379
538509
538717
538778
539007
539038
539049
539089
539121
539171
539187
539221
539394
539801
539903
540110
540217
540221
540291
540341
540353
540369
540377
540467
540532
540769
540904
541085
541088
541165
541236
541469
541694
541784
541886
542081
542109
542178
542194
542316
542709
542747
542899
542929
542932
543081
543138
543167
543250
543393
543477
543479
543532
543825
543872
544242
544345
544397
544452
544529
544537
544604
544684
544779
544811
544828
544897
545012
545041
545377
545457
545642
545858
545904
545941
545951
546069
546096
546541
546564
546747
546832
547043
547145
547181
547298
547318
547373
547397
547415
547598
547805
547885
548119
548163
548166
548261
548313
548348
548648
548657
548722
549022
549051
549070
549132
549256
549277
549502
549628
549661
549681
549688
549715
549760
549783
550065
550104
550378
550384
550607
550641
550724
550896
551198
551206
551334
551529
551552
551672
551801
551847
551893
551908
551920
552223
552414
552451
552519
552677
552712
552773
552885
553051
553367
553417
553484
553530
553596
553597
553639
553640
553728
553891
553968
554161
554219
554377
554589
554638
554802
554864
555022
555080
555259
555389
555471
555497
555669
555967
556207
556370
556376
556405
556412
556622
556730
556822
557235
557285
557539
557542
557846
558007
558021
558209
558300
558469
558629
558656
558694
558754
558910
559236
559286
559330
559362
559395
559397
559485
559576
559904
559908
559967
560052
560128
560331
560380
560511
560531
560553
560569
560825
560833
561039
561045
561224
561232
561365
561566
561634
561894
562340
562389
562549
562557
562565
562753
562855
562890
562908
562951
563162
563235
563292
563438
563596
563646
563791
563862
563926
564024
564162
564164
564184
564303
564341
564434
564460
564552
564635
564652
564677
564818
564863
564935
564970
564987
565092
565143
565189
565194
565211
565389
565426
565670
565684
565703
565781
566071
566146
566189
566280
566319
566365
566604
566717
566726
566785
566829
566925
566939
567030
567198
567234
567315
567635
567679
567742
567917
567998
568097
568122
568306
568316
568339
568513
568521
568557
568619
568717
568775
568973
569080
569286
569324
569640
569642
569791
569830
570007
570185
570429
570623
570738
571035
571125
571264
571265
571375
571425
571717
571902
572043
572469
572640
572705
572913
573078
573202
573366
573369
573541
573768
573955
573982
574113
574170
574377
574609
574730
575144
575254
575627
575641
575737
575811
575939
575972
576006
576072
576151
576245
576396
576402
576425
576576
576625
576731
576944
577008
577115
577384
577398
577522
577581
577590
577645
577664
577761
577772
578090
578198
578206
578284
578297
578393
578397
578448
578478
578695
579002
579175
579324
579325
579389
579429
579526
579566
579583
579653
579984
579985
580060
580069
580161
580193
580200
580245
580414
580490
580538
580544
580634
580686
580695
580709
580779
580857
580936
581065
581234
581307
581308
581443
581481
581695
581756
581906
582071
582125
582126
582130
582206
582295
582372
582431
582626
582899
582923
583160
583165
583302
583303
583389
583511
584028
584116
584131
584142
584210
584353
584411
584477
585208
585237
585300
585512
585654
585669
585828
585921
586499
586570
587079
587130
587177
587233
587386
587529
587660
587753
587760
587835
587852
587902
588052
588234
588287
588317
588374
588507
588634
588715
588743
588790
588876
589045
589218
589379
589382
589411
589769
589850
589856
590213
590226
590389
590401
590492
590586
590611
590727
590737
590931
590976
591118
591211
591284
591337
591886
591968
591978
592021
592101
592128
592137
592202
592220
592296
592545
592626
592662
592775
593089
593120
593135
593269
593356
593464
593718
593740
593793
593837
594048
594177
594209
594320
594404
594453
594603
594607
594607
594763
594785
595209
595320
595515
595536
595563
595661
595774
596073
596083
596197
596333
596488
596639
596788
596925
596930
596959
596990
597010
597098
597360
597484
597547
597605
597718
597720
597895
597905
598041
598384
598402
598408
598520
598586
598615
598867
598952
598971
599057
599072
599077
599315
599328
599386
599650
599732
599882
599929
600005
600021
600112
600120
600174
600208
600222
600274
600376
600461
600486
600490
600513
600529
600884
600901
600990
601076
601164
601523
601573
601588
601686
601689
601990
602023
602095
602096
602185
602647
602733
602771
602925
603167
603175
603312
603505
603557
604107
604119
604133
604378
604396
604454
604528
604563
604568
604652
604657
604662
604753
604813
604867
605169
605191
605198
605265
605354
605367
605467
605512
605522
605526
605615
605663
605675
605775
605836
606127
606136
606193
606202
606338
606418
606507
606511
606696
606825
606834
606869
606990
607190
607253
607315
607335
607463
607583
607603
607846
607852
607899
607906
608143
608152
608167
608232
608330
608334
608381
608426
608560
608944
609208
609277
609314
609470
609521
609720
609756
609758
609972
610138
610344
610414
610510
610589
610622
610625
610798
610817
610919
610941
610984
610988
611116
611124
611158
611188
611250
611438
611538
611633
611739
611766
611874
611877
611972
612012
612105
612425
612629
612680
612687
612761
612787
612816
612856
613006
613013
613133
613154
613232
613264
613300
613342
613416
613534
613587
613599
613810
613852
613997
614092
614123
614232
614263
614413
614517
614560
614567
614613
614660
614813
614827
614871
614952
615114
615167
615235
615306
615432
615652
615699
615753
615801
615983
616122
616140
616355
616439
616759
616858
617349
617403
617585
617686
617736
617755
617874
617890
617896
618022
618076
618106
618151
618358
618364
618389
618414
618479
618640
618690
618770
618835
618839
619071
619072
619157
619223
619337
619406
619444
619692
619702
619805
619812
619960
619963
620086
620133
620246
620528
620578
620593
620636
620642
620644
620674
620718
620860
620937
620946
621071
621100
621148
621168
621238
621481
621644
621872
621971
621977
622073
622092
622229
622300
622314
622325
622339
622394
622546
623048
623117
623124
623143
623212
623367
623486
623991
624058
624116
624192
624280
624320
624386
624447
624479
624544
624642
624645
624646
624856
624944
625011
625124
625173
625257
625295
625389
625405
625485
625561
625894
625915
626090
626344
626350
626365
626385
626392
626569
626672
626793
627001
627709
627891
627962
628001
628089
628107
628187
628533
628592
628610
628658
628706
628754
628759
628904
628998
629374
629943
629975
630043
630085
630295
630371
630500
630579
630807
630907
630921
631158
631249
631472
631638
631673
631858
632040
632282
632401
632408
632863
632920
632985
633102
633187
633213
633226
633249
633312
633321
633388
633597
633772
633872
633880
634013
634102
634111
634182
634413
634510
634566
634696
634754
634805
634958
634972
635012
635432
635545
635622
635668
635906
636021
636143
636166
636237
636367
636386
636589
636612
636652
636699
636789
637129
637287
637369
637502
637532
637626
637680
637830
637926
638149
638270
638316
638456
638548
638708
638788
638791
638977
639057
639075
639096
639508
639527
639648
639720
639753
639888
640033
640121
640214
640358
640621
640647
640933
641114
641667
641711
641801
641932
641984
642013
642173
642335
642425
642429
642773
643016
643069
643134
643180
643473
643629
643631
643783
643870
644005
644035
644041
644099
644120
644285
644427
644463
644492
644543
644603
644710
644918
644919
644924
645021
645111
645131
645228
645341
645351
645432
645579
645832
645854
645861
645879
645895
645978
646153
646182
646224
646268
646387
646395
646525
646593
647043
647146
647238
647390
647460
647506
647726
647765
647785
647851
647852
648001
648027
648151
648331
648651
648697
648758
648855
649058
649377
649437
649475
649716
649860
649934
650170
650184
650344
650474
650564
650616
650707
650731
650895
651164
651172
651246
651368
651655
652429
652438
652553
652681
652855
652865
652880
652894
652973
652996
653062
653081
653104
653196
653203
653305
653422
653425
653441
653469
653627
653679
653688
653809
653953
653972
654161
654268
654295
654305
654509
654768
654780
654834
654921
654936
655055
655114
655248
655412
655701
655863
655928
656019
656097
656398
656458
656467
656491
656548
656635
656887
656887
656925
657102
657343
657373
657481
657719
657720
657744
657916
658134
658209
658251
658615
658699
659206
659208
659215
659357
659584
659657
659903
659910
659913
660054
660330
660353
660452
660481
660583
660586
660605
660648
661007
661459
661538
661572
661790
661878
662041
662113
662213
662221
662366
662484
662614
662619
662640
662769
662923
662981
662990
663224
663263
663332
663420
663539
663632
663709
663812
663825
664008
664046
664186
664297
664381
664553
664641
664680
664921
665081
665299
665510
665649
665799
665815
665866
665892
666072
666215
666376
666617
666689
666737
666788
666880
666973
666989
667080
667221
667327
667446
667733
667787
667855
667859
667869
667873
667888
667985
668085
668106
668316
668441
668549
668598
668620
668916
669558
669706
669795
669809
670040
670213
670249
670315
670563
670590
670620
670662
670850
670936
670985
671055
671140
671152
671204
671312
671426
671433
671511
671672
671673
672036
672187
672381
672412
672562
672780
672812
672867
673014
673270
673283
673473
673735
673743
673786
673819
674019
674514
674615
674629
674645
674717
674767
674823
674878
674926
674938
675196
675246
675446
675486
675596
675746
675832
675860
676164
676232
676237
676386
676466
676705
676970
676971
677127
677331
677334
677426
677607
677653
677754
677843
678009
678021
678078
678115
678163
678256
678335
678383
678390
678477
678695
678775
678782
678801
678908
679023
679135
679322
679359
679538
679598
679611
679619
679923
680121
680367
680509
680632
680752
680778
680806
680821
680892
680922
681019
681057
681058
681059
681155
681302
681380
681486
681596
681602
681619
681667
681673
681726
681805
681812
681861
682120
682184
682197
682316
682535
682537
682553
682661
682735
682773
683003
683029
683104
683243
683311
683442
683491
683556
683561
683652
683678
683808
684034
684040
684066
684124
684198
684271
684731
684817
684824
684933
684979
685132
685212
685216
685556
685637
685730
685756
685832
685874
685897
686217
686316
686449
686522
686539
686545
686669
686720
687366
687476
687634
687718
687783
687955
688166
688168
688229
688323
688353
688635
688726
688851
689013
689015
689149
689262
689303
689339
689571
689611
689710
689907
689973
690002
690294
690461
690467
690550
690876
690878
690909
690983
691363
691422
691580
691629
691810
691878
691880
691936
692117
692227
692232
692381
692402
692425
692469
692666
692675
692758
692827
693026
693163
693221
693389
693403
693406
693464
693492
693709
693750
693751
693823
693855
693926
694044
694112
694137
694386
694412
694558
694574
694721
694734
694873
695052
695116
695165
695236
695367
695503
695518
695633
695882
696056
696095
696120
696143
696283
696316
696459
696551
696577
696590
696643
696672
696707
696718
696749
696914
696950
697057
697142
697150
697294
697351
697390
697471
697762
697788
697874
698090
698172
698321
698465
698535
698801
698803
698860
698875
698890
698949
698986
699494
699652
699749
699784
699803
700253
700478
700592
700678
700703
700804
700882
701134
701436
701438
701590
701652
701873
701900
701904
701936
702144
702157
702227
702358
702372
702379
702613
702644
702721
702955
703058
703103
703156
703418
703536
703693
703729
703791
703794
703904
703974
704084
704389
704470
704522
704573
704599
704630
704789
704863
704954
705020
705072
705085
705295
705450
705609
705662
705810
705913
705918
706049
706296
706493
706553
706648
706717
706764
706768
706983
706983
707010
707018
707144
707227
707240
707321
707516
707522
707548
707983
708020
708159
708173
708193
708336
708430
708478
708733
708749
708831
708863
708867
708871
708906
708946
709050
709336
709515
709579
709709
709714
709731
709795
710040
710067
710109
710218
710235
710324
710392
710586
710784
710798
710956
710961
710964
710964
711099
711120
711319
711330
711368
711421
711427
711467
711516
711604
711644
711680
711703
712104
712322
712325
712363
712371
712413
712442
712478
712492
712774
712789
712865
712885
712889
713147
713162
713174
713204
713342
713463
713564
713630
713880
713947
714092
714317
714412
714521
714538
714599
714666
714757
714758
714787
714940
714977
715019
715037
715090
715241
715492
715716
715716
716001
716021
716074
716092
716160
716280
716303
716377
716403
716449
716462
716491
716516
716711
716712
716856
717071
717107
717345
717376
717431
717453
717649
717729
717885
717931
717944
718128
718398
718579
718633
718669
718674
718819
718847
718991
719182
719542
719684
719690
719699
719872
719903
719964
720057
720129
720201
720299
720480
720589
720880
720983
721314
721346
721391
721449
721561
721627
721702
721786
721921
721947
721968
722022
722027
722028
722046
722063
722238
722397
722616
722632
722753
722849
723081
723285
723345
723547
723949
724073
724108
724120
724248
724385
724411
724478
724585
724599
724704
724832
724899
724902
725047
725264
725375
725418
725505
725507
725661
725665
725681
725683
725715
725783
726025
726192
726250
726380
726380
726386
726456
726522
726547
726551
726559
726641
727274
727304
727643
727721
727770
727942
728131
728238
728243
728294
728378
728420
728471
728559
728658
729060
729196
729225
729352
729372
729580
729739
729747
729841
730040
730050
730379
730704
730728
730758
730783
730862
730871
730903
730911
731148
731162
731170
731345
731466
731558
731592
731687
731748
731870
731949
732051
732441
732526
732816
733007
733327
733415
733445
733568
734050
734130
734202
734356
734360
734366
734603
734624
734785
734818
734864
734898
734903
735083
735186
735399
735473
735501
735604
735747
735753
735780
735894
736079
736343
736411
736556
736722
736785
736851
736878
736899
736910
736978
736989
737079
737319
737541
737681
737687
737720
737771
738042
738050
738182
738190
738336
738654
738691
738820
738853
738927
739133
739163
739179
739225
739235
739313
739522
739578
739690
739790
740116
740129
740442
740622
740723
740774
740870
740918
740958
741180
741225
741334
741337
741353
741595
741701
741905
741981
742021
742069
742070
742080
742279
742292
742297
742416
742449
742535
742697
742818
743373
743486
743534
743643
743786
744011
744022
744186
744256
744266
744389
744426
744527
744667
744837
744939
745185
745206
745323
745328
745553
745584
745624
745687
745775
745905
745906
745941
745990
746065
746084
746305
746443
746520
746693
747023
747050
747352
747383
747459
747542
747779
747980
748005
748022
748301
748308
748354
748533
748547
748611
748616
748657
748671
748815
748851
749041
749102
749122
749202
749254
749339
749429
749543
749732
749876
749895
750001
750041
750135
750303
750350
750385
750414
750690
750693
750784
750830
750859
751023
751033
751207
751262
751331
751348
751362
751518
751583
751639
751764
752067
752082
752202
752216
752437
752491
752513
752519
752757
752838
753089
753148
753442
753453
753533
753634
753647
753834
753856
753873
754354
754466
754471
754995
755004
755098
755108
755169
755279
755721
755788
755936
755950
755999
756110
756202
756382
756472
756531
756535
756804
756878
756900
756910
757096
757366
757404
757496
757500
757587
757617
757672
757705
757720
757827
757845
757878
757956
757985
758242
758363
758417
758535
758548
758615
758636
758904
758992
759157
759324
759398
759465
759546
759616
759688
759865
760221
760343
760379
760455
760523
760578
760606
760779
760881
760922
760931
761403
761445
761448
761659
761750
762058
762072
762084
762238
762306
762528
762653
762691
762733
763008
763097
763159
763315
763515
763672
763760
764136
764157
764201
764211
764463
764589
764607
764940
765007
765023
765029
765091
765184
765296
765364
765502
765513
765779
765873
766365
766383
766384
766449
766523
766736
766881
767093
767314
767494
767690
767797
767934
767975
768083
768128
768201
768243
768260
768311
768513
768536
768563
768581
768731
768763
768788
768977
769068
769105
769184
769220
769233
769293
769297
769391
769410
769767
769796
769812
769816
769858
769860
769890
770020
770127
770188
770226
770339
770355
770388
770523
770588
770670
770714
771122
771208
771225
771252
771326
771531
771604
771859
771977
771982
772006
772046
772048
772078
772107
772132
772222
772245
772249
772370
772452
772811
773025
773203
773262
773323
774026
774067
774258
774426
774432
774536
774599
774646
774786
774811
774870
774890
774940
775074
775116
775403
775526
775680
775734
775742
775755
775824
775859
776136
776608
776677
776764
776765
776855
776970
777008
777038
777140
777163
777340
777725
777835
777926
778025
778135
778323
778325
778338
778493
778515
778555
778649
778802
779026
779080
779149
779167
779175
779275
779276
779319
779436
779595
779633
779681
779699
779858
779939
780028
780070
780172
780467
780567
780718
780725
781030
781060
781075
781088
781146
781164
781445
781453
781518
781561
781630
781638
781867
781914
782010
782170
782513
782705
782720
782973
783153
783275
783399
783569
783675
783701
783742
783913
783918
784115
784268
784292
784355
784515
784542
784736
785052
785163
785324
785337
785357
785586
785977
786096
786238
786283
786285
786669
786980
787360
787437
787488
787663
788067
788148
788211
788225
788274
788370
788372
788435
788463
788566
788653
788694
789086
789288
789320
789365
789394
789447
789522
789833
790315
790482
790540
790549
790618
790619
790628
790719
790742
790781
790789
790873
791114
791179
791368
791558
791636
791660
791723
791993
792022
792025
792164
792175
792437
792832
792962
793034
793079
793403
793441
793487
793559
793680
793735
793811
794054
794101
794106
794128
794352
794376
794460
794871
795037
795100
795101
795154
795185
795530
795718
795756
795789
795840
795855
795901
795911
796412
796542
796574
796605
796719
796795
796814
797046
797048
797103
797258
797342
797351
797416
797658
797795
797853
797874
797926
797946
798197
798249
798473
798799
798813
798828
798866
799045
799071
799243
799516
799762
799847
799997
799999
800005
800153
800451
800624
800727
800757
800768
800780
800843
800878
800997
801021
801229
801253
801488
801503
801550
801594
801609
801709
801747
801748
801781
801871
801966
801979
802004
802095
802328
802408
802515
802572
802574
802676
802786
802793
802814
802862
803209
803210
803303
803330
803347
803353
803405
803527
803562
803562
803643
803693
803782
804021
804331
804334
804355
804381
804457
804551
804624
804773
804788
804940
804971
805104
805320
805444
805605
805610
805682
805929
806278
806279
806415
806578
806775
806863
806933
807000
807019
807090
807171
807220
807607
807697
807782
808054
808147
808160
808208
808311
808507
808534
808550
808614
808941
808951
809085
809119
809363
809375
809656
809656
809732
809759
809868
809977
809979
810118
810124
810632
810716
810767
810812
810813
810876
810999
811076
811080
811104
811303
811402
811420
811427
811485
811729
811749
811926
811960
812004
812119
812149
812183
812200
812235
812239
812285
812334
812365
812367
812457
812512
812579
812675
812706
812796
812982
813167
813175
813215
813332
813365
813619
813670
813769
813770
813896
813907
813937
814080
814177
814275
814291
814374
814415
814457
814810
814967
814991
815287
815426
815474
816087
816131
816154
816228
816251
816253
816265
816306
816366
816396
816470
816507
816635
816715
816843
816891
816926
816939
817034
817055
817090
817249
817257
817267
817400
817438
817519
817728
817878
817936
818099
818129
818172
818194
818308
818327
818346
818358
818447
818515
818533
818566
818818
819149
819187
819191
819210
819240
819424
819580
819588
819719
819775
819802
819829
819893
819976
820062
820120
820164
820233
820265
820353
820381
820392
820518
820539
820619
820755
820758
820844
820856
820890
820991
821050
821083
821165
821167
821185
821199
821201
821375
821399
821747
821782
821933
822011
822084
822249
822311
822388
822397
822418
822551
822862
823195
823254
823388
823418
823615
823662
823829
823860
823903
823950
823999
824017
824434
824483
824512
824519
824898
824946
825144
825222
825306
825337
825448
825459
825602
825785
825843
825843
825975
826192
826211
826380
826420
826597
826600
826665
826786
826829
826843
826885
826966
827162
827223
827227
827328
827408
827619
827712
827791
827831
827859
827944
827967
828032
828078
828112
828116
828188
828251
828251
828292
828337
828464
828514
828579
828834
828847
828906
829252
829371
829478
829621
829757
829853
829868
829985
829990
830042
830105
830113
830253
830652
830685
830725
830755
830869
831005
831401
831526
831700
831752
831780
831906
831960
832083
832159
832211
832344
832442
832598
832610
832658
832730
832792
832792
832817
832879
832942
833244
833361
833544
833643
833710
833747
833752
833765
833831
834166
834209
834269
834360
834454
834737
835104
835317
835491
835545
835872
835906
835936
836067
836336
836372
836796
836984
837209
837303
837318
837346
837392
837409
837428
837759
837992
838001
838118
838208
838328
838356
838383
838545
838684
838831
838896
839089
839293
839302
839812
839966
839974
840048
840125
840143
840201
840244
840275
840322
840646
840721
840757
840763
840986
841433
841448
841517
841775
841863
841949
842041
842102
842132
842190
842196
842231
842503
842528
842553
842554
842629
842636
842665
842822
842847
843142
843339
843362
843631
843636
843663
843674
843782
843950
843971
844036
844133
844241
844334
844492
844495
844542
844573
844577
844577
844642
844885
844907
844970
845044
845085
845098
845146
845156
845254
845303
845473
845561
845668
845717
845757
845791
845803
845832
846037
846064
846160
846183
846263
846292
846332
846366
846428
846565
846690
847035
847139
847155
847321
847350
847473
847496
847552
847693
847816
847865
847894
847983
848146
848162
848169
848278
848339
848518
848714
849091
849112
849124
849134
849327
849387
849405
849593
849688
849806
849957
849998
850014
850152
850235
850248
850252
850300
850313
850320
850545
850791
850826
850870
850895
851014
851037
851248
851371
851503
851641
851711
852088
852088
852109
852184
852239
852408
852517
852910
853021
853109
853206
853229
853250
853364
853448
853449
853611
853662
854060
854312
854353
854380
854394
854401
854451
854555
854675
855006
855073
855211
855458
855570
855666
855823
855841
856053
856079
856147
856153
856343
856441
856466
856619
856649
856709
856926
857016
857077
857254
857362
857456
857507
857752
857886
857968
858083
858105
858129
858243
858402
858418
858786
858791
858811
859079
859135
859181
859423
859445
859660
859678
859778
859854
859881
859989
860061
860062
860106
860147
860266
860278
860337
860341
860347
860386
860511
860612
860716
860724
860740
860809
860834
860860
860929
860995
861048
861088
861118
861206
861215
861239
861240
861263
861381
861383
861393
861435
861442
861442
861519
861618
861679
861758
861787
861972
862010
862149
862152
862285
862306
862497
862584
862632
862665
862745
862841
863105
863110
863529
863538
863589
863679
863759
863918
864143
864291
864342
864668
864718
864750
864845
864857
865042
865112
865132
865213
865384
865425
865425
865538
865566
865576
865605
865673
866227
866268
866417
866422
866471
866557
866668
866747
866765
866767
866925
867113
867122
867129
867264
867446
867490
867511
867545
867616
867752
867842
868008
868107
868305
868472
868566
868600
868634
868735
868756
868896
868974
869011
869021
869030
869071
869184
869401
869588
869682
869715
869722
869793
869863
869986
869990
870126
870145
870224
870230
870244
870258
870329
870334
870347
870351
870404
870649
870688
870934
871061
871153
871331
871415
871423
871511
871514
871584
871862
871952
871961
871990
872024
872065
872413
872739
873084
873121
873261
873331
873436
873547
873639
873640
873716
873771
873799
873964
874106
874106
874318
874354
874363
874381
874562
874574
874743
874784
874811
874834
874868
874898
874986
875076
875117
875310
875448
875467
875705
875766
875837
876381
876388
876576
876678
877067
877141
877246
877454
877469
877593
877606
877670
877747
877829
877858
878507
878763
878923
878954
879076
879213
879388
879398
879408
879453
879485
879704
879739
880114
880220
880453
880601
880629
880629
880692
880753
880779
880784
880878
881237
881264
881434
881482
881630
881720
881748
881850
881852
881953
881964
881987
881987
882386
882505
882535
882558
882817
882945
883084
883120
883148
883174
883193
883204
883260
883649
883751
883859
883993
884071
884100
884512
884524
884778
884863
884865
885128
885284
885354
885405
885499
885531
885643
885745
885749
885813
885966
886047
886210
886219
886461
886794
886811
886853
886969
887165
887283
887304
887352
887380
887740
887895
887922
887946
887951
887953
887974
888021
888058
888132
888218
888235
888434
888443
888750
888943
888987
889051
889168
889253
889348
889441
889754
889926
890011
890317
890457
890542
890693
890787
890813
890921
890997
891035
891103
891205
891225
891286
891418
891655
891729
891765
891800
891830
891833
892012
892166
892191
892362
892436
892515
892554
892650
892721
893001
893021
893023
893302
893302
893397
893681
893823
893825
893852
893901
893929
894031
894032
894125
894137
894190
894258
894310
894327
894327
894356
894596
894754
894896
894995
895067
895183
895303
895570
895734
895935
895941
896029
896187
896298
896342
896448
896541
896795
896881
896908
896935
896959
897031
897309
897316
897422
897522
897568
897707
897721
897770
897889
897952
897969
898381
898417
898442
898535
898728
898954
899020
899050
899114
899219
899232
899439
899659
899693
899726
899772
899837
899954
900103
900120
900334
900365
900524
900624
900663
900861
901087
901355
901423
901452
901496
901526
901534
901536
901551
901567
901758
901852
901904
901968
902012
902080
902332
902500
902582
902791
902887
902912
902934
902939
902950
903041
903131
903263
903282
903314
903423
903747
903862
903894
904129
904240
904327
904340
904423
904593
904663
904745
904990
905082
905098
905110
905472
905513
905614
905969
906134
906294
906370
906459
906514
906522
906565
906603
906775
906949
907025
907076
907688
907774
907793
907796
907846
907911
908059
908282
908541
908546
908576
908576
908606
908870
909143
909164
909213
909346
909357
909485
909863
909896
909932
910035
910096
910311
910387
910606
910654
910744
910760
910912
910995
911036
911217
911229
911235
911332
911515
911604
911780
911899
911924
911943
912066
912116
912336
912358
912670
912723
912775
912902
912960
912971
913086
913301
913466
913474
913498
913615
913655
913770
913774
913793
913856
913945
914050
914102
914113
914149
914216
914454
914512
914685
914966
915130
915310
915325
915700
915709
915805
915871
915897
915899
915904
915916
916097
916114
916118
916302
916427
916509
916554
916559
916744
916760
916889
916911
917107
917193
917286
917392
917452
917466
917517
917708
917838
917883
917911
917989
918041
918239
918410
918543
918577
918715
918773
918837
918931
918992
919192
919206
919341
919383
919467
919494
919629
919737
919772
919798
919832
919835
919887
919911
919914
920039
920054
920185
920213
920497
920498
920524
920535
920765
921044
921186
921243
921672
921727
921736
921819
921869
922237
922309
922422
922584
922731
922752
922905
922995
923495
923498
923741
923787
924167
924282
924346
924396
924654
924659
924675
924716
924872
924903
925212
925254
925320
925451
925530
925928
926177
926370
926560
926703
926975
927061
927204
927322
927418
927420
927469
927576
927594
927652
928052
928070
928152
928178
928298
928343
928416
928508
928641
928643
928750
928908
929213
929229
929317
929447
929457
929461
929600
929623
929638
929658
929747
929754
929886
930025
930142
930143
930303
930485
930616
930732
930781
930897
931060
931074
931116
931129
931177
931310
931317
931537
931599
931665
931858
931867
932208
932252
932274
932367
932570
932815
932881
932888
932909
932971
933095
933163
933227
933259
933340
933414
933488
933555
933573
933718
933788
933899
934186
934217
934358
934657
934662
934740
935149
935188
935212
935315
935476
935591
935612
935618
935654
935715
935988
936029
936083
936151
936326
936583
936744
936757
936806
936880
936936
937108
937387
937579
937606
937713
937990
938257
938357
938370
938411
938422
938471
938507
938574
938776
938811
938816
938871
938951
939039
939092
939148
939217
939437
939488
939528
939804
939812
940015
940255
940306
940319
940381
940461
940662
940714
940943
941026
941088
941146
941348
941436
941437
941466
941657
941756
941773
941808
941861
942040
942059
942159
942182
942977
942989
943053
943077
943148
943174
943194
943289
943293
943398
943406
943453
943485
943518
943662
943760
943776
943783
943792
943881
943960
943968
944026
944177
944219
944232
944398
944653
944767
944867
944905
944984
945321
945353
945531
945703
945772
945797
945860
946101
946232
946343
946376
946457
946516
946537
946590
946702
946818
946890
947037
947123
947544
947602
947623
947874
947901
948101
948233
948314
948539
948690
948919
948964
949091
949230
949241
949277
949344
949360
949406
949713
949739
949774
949852
949989
950059
950211
950225
950397
950455
950518
950519
950615
950648
950810
950943
951037
951224
951300
951390
951442
951599
951945
952068
952075
952280
952292
952425
952501
952503
952568
952590
952698
952801
953041
953054
953276
953423
953516
953567
953638
953677
953694
953695
953721
953764
953945
954074
954177
954761
954804
954962
955005
955097
955202
955444
955485
955676
955776
956023
956062
956180
956350
956517
956537
956622
956626
956639
956652
956720
956728
956738
956738
957156
957203
957507
957566
957569
957666
957753
958067
958238
958326
958338
958407
958434
958471
958636
958661
958727
958732
958756
958844
958913
959121
959300
959322
959428
959449
959532
959553
959567
959574
959637
959739
959790
959842
960006
960009
960026
960136
960330
960385
960463
960516
960561
960574
960599
960876
960907
960970
961177
961266
961362
961451
961523
961537
961685
961799
961861
961902
961921
962004
962169
962170
962277
962361
962414
962414
962599
962612
962659
962683
962711
962813
962896
962938
962994
963025
963050
963076
963290
963414
963498
963773
963774
963822
963922
964015
964044
964101
964114
964207
964267
964278
964408
964443
964489
964497
964657
964988
964998
965011
965037
965094
965202
965287
965385
965392
965496
965507
965629
965747
965820
965929
966060
966108
966200
966420
966449
966477
966503
966565
966567
966610
966830
966845
966970
967043
967105
967149
967289
967333
967488
967560
967603
967701
967731
967784
967789
967838
968004
968071
968122
968295
968791
968847
969126
969140
969299
969512
969552
969598
969628
969773
969800
969949
970195
970210
970313
970329
970479
970525
970535
970577
970788
970970
971000
971261
971361
971406
971548
971580
971639
971811
971878
971890
971924
972104
972196
972222
972231
972293
972708
972844
972887
972999
973029
973132
973179
973197
973221
973265
973564
973589
973626
973754
973891
973899
973954
974235
974341
974403
974515
974570
974580
974729
974808
974816
974864
974885
974971
975045
975267
975422
975710
975716
975754
975816
976006
976059
976229
976246
976522
976859
976863
977035
977110
977372
977521
977549
977561
977675
977790
977880
977924
978104
978120
978487
978491
978600
978692
978793
978972
979076
979168
979358
979484
979491
979700
979756
979825
979857
980005
980057
980093
980302
980345
980404
980711
980724
980724
980752
980804
980827
980900
980928
981006
981033
981176
981270
981294
981370
981569
981697
981869
982003
982007
982067
982082
982381
982457
982568
982789
982793
982907
982920
983116
983326
983425
983453
983640
983820
983988
984041
984155
984209
984272
984411
984452
984492
984507
984545
984599
984669
984677
984714
984734
984912
985004
985187
985321
985365
985381
985387
985507
985818
985849
985886
986081
986475
986570
986574
986601
986655
986693
986732
986839
986898
986924
987033
987185
987352
987445
987581
987605
987676
987952
988099
988102
988162
988289
988290
988439
988488
988535
988584
988658
988714
988843
988853
989026
989091
989128
989238
989328
989662
989770
989778
990107
990132
990152
990214
990400
990627
990680
990755
990807
990860
990948
990981
991007
991054
991076
991102
991252
991330
991542
991709
992108
992160
992213
992384
992385
992432
992470
992657
992713
992746
993171
993201
993345
993358
993367
993468
993653
993659
993676
993720
993847
993861
993865
993899
993973
994058
994096
994150
994258
994263
994406
994454
994730
994767
994806
994818
994862
995046
995380
995518
995944
996092
996093
996190
996402
996516
996526
996546
996568
996747
996965
997217
997285
997386
997439
997487
997588
997640
998133
998168
998184
998185
998198
998206
998296
998369
998435
998567
998592
998696
998792
998812
999001
999080
999097
999101
999130
999187
999207
999308
999440
999452
999462
999689
999733
999797
999833
999910
