53
69
205
335
441
684
1009
1231
1383
1611
1685
1719
1796
1803
1818
1833
1947
2035
2147
2256
2328
2520
2886
2962
3027
3044
3112
3248
3309
3314
3367
3376
3412
3678
3696
3715
3754
3786
3828
3839
3906
3956
4003
4309
4401
4520
4667
4959
5163
5193
5215
5215
5247
5256
5307
5369
5420
5431
5612
5641
5708
5771
5815
5890
5981
6022
6024
6157
6160
6434
6512
6548
6636
6673
6739
6809
6838
6920
6987
7137
7231
7322
7551
7761
7875
7906
7974
8040
8109
8156
8202
8205
8272
8317
8448
8509
8598
8702
8722
8937
9042
9338
9373
9444
9527
9556
9633
9989
10030
10031
10111
10116
10269
10319
10430
10543
10560
10578
10780
10832
11010
11128
11154
11235
11389
11655
11804
11848
11906
11968
11991
12023
12038
12136
12446
12471
12513
12842
12845
12966
13017
13306
13441
13459
13507
13606
13746
13747
13788
13871
13876
14170
14227
14236
14245
14273
14337
14342
14563
14573
14707
14940
14976
15259
15287
15341
15359
15380
15436
15516
15558
15604
15747
15765
16168
16264
16266
16295
16421
16423
16450
16471
16486
16576
16646
16696
16906
16987
17007
17118
17344
17348
17401
17466
17495
17615
17765
17868
17869
17872
18099
18329
18387
18435
18701
18744
18758
18966
18998
19214
19389
19475
19494
19564
19592
19664
19748
20044
20429
20452
20454
20508
20669
20739
20815
21069
21281
21370
21426
21454
21460
21501
21627
21727
21781
21783
21899
22194
22266
22327
22521
22620
22683
22710
22857
22875
22957
23194
23279
23348
23386
23414
23575
23581
23628
23833
23964
24001
24070
24084
24283
24391
24533
24704
24719
24764
25005
25114
25265
25359
25394
25436
25603
25694
25883
25970
26087
26106
26220
26265
26304
26372
26407
26568
26655
26682
26691
26716
26893
26920
27067
27095
27179
27214
27393
27453
27613
27651
27813
27910
27929
28075
28257
28266
28331
28445
28703
28744
28770
28780
28864
28866
28869
28874
29031
29067
29084
29166
29433
29476
29585
29597
29687
29722
29906
30016
30070
30233
30242
30286
30463
30556
30637
30658
30727
30748
30810
30925
30993
31143
31156
31365
31442
31575
31597
31691
31750
32207
32265
32294
32323
32354
32579
32715
32773
33035
33239
33269
33536
33563
33673
33771
34157
34278
34466
34570
34637
34642
34710
34969
34991
35064
35170
35364
35403
35485
35555
35645
35979
35994
36193
36222
36280
36353
36582
36606
36725
36834
37203
37220
37341
37569
37576
37583
37873
37969
38097
38197
38234
38314
38498
38750
38803
38812
39296
39417
39502
39606
39676
39679
39701
39745
39890
40089
40097
40303
40368
40378
40380
40392
40465
40482
40652
40671
40894
40908
41013
41125
41310
41413
41589
41667
41751
41827
41914
41998
42096
42338
42357
42539
42668
42711
43219
43296
43347
43508
43595
43637
43680
43689
43780
43956
44030
44047
44195
44273
44465
44689
44698
44808
44924
44984
44995
45029
45288
45326
45430
45482
45638
45889
45967
45968
46011
46017
46286
46375
46491
46545
46565
46733
46764
46873
46879
46888
46977
46982
47012
47076
47093
47178
47429
47805
48133
48164
48301
48302
48312
48553
48644
48698
48817
48832
48861
49078
49151
49598
49845
50042
50155
50386
50429
50657
50677
50703
51013
51219
51261
51272
51496
51755
52078
52184
52427
52434
52457
52532
52560
52643
52867
52925
53306
53342
53509
53735
53744
53982
54163
54169
54241
54350
54359
54419
54495
54679
54696
54755
54862
55070
55189
55322
55403
55689
55856
56167
56193
56210
56482
56527
56562
56594
56646
56663
56834
56839
56878
56971
57081
57221
57244
57258
57368
57486
57582
57823
57870
57985
58077
58090
58133
58169
58265
58287
58415
58531
58547
58696
58813
58916
59284
59387
59525
59558
59563
60191
60301
60332
60765
60903
60963
61166
61225
61439
61609
61676
61774
62013
62107
62178
62245
62352
62679
62710
62753
62778
62968
63057
63217
63222
63410
63439
63465
63496
63504
63548
63608
63639
63674
63784
63842
63844
63846
64076
64200
64267
64380
64386
64419
64444
64444
64464
64505
64533
64821
64877
64910
65039
65052
65112
65156
65270
65289
65327
65439
65584
65586
65777
65812
65834
66100
66184
66255
66410
66415
66545
66570
66660
66702
67063
67113
67191
67197
67353
67353
67480
67536
67575
67633
67720
67751
67838
67846
67950
68048
68093
68177
68202
68237
68293
68433
68610
68620
68664
68698
68746
68785
68812
68865
68950
68985
69015
69173
69199
69645
70017
70060
70114
70289
70486
70621
70626
70700
70757
71011
71039
71248
71312
71346
71409
71609
71656
71686
71854
71924
72021
72026
72375
72419
72433
72473
72478
72478
72560
72585
72624
72723
72780
72821
72878
73067
73150
73156
73270
73361
73376
73565
73578
73626
73876
73984
74081
74267
74443
74569
74863
74954
74979
75036
75339
75462
75513
75522
75650
75783
75883
75902
75983
76095
76354
76360
76364
76415
76631
76652
76714
76734
76749
76898
76945
76966
77056
77205
77235
77356
77371
77416
77481
77558
77587
77686
77788
77828
77881
77902
77977
78140
78345
78480
78499
78608
78953
78982
79086
79476
79479
79654
79698
79724
79726
79745
80022
80103
80111
80251
80619
80795
80822
80843
80917
81047
81057
81065
81299
81503
81570
81661
81745
82092
82095
82121
82190
82208
82335
82347
82479
82875
83107
83144
83710
83750
83830
83853
83857
83974
84049
84167
84188
84395
84695
84940
84944
84987
84990
85015
85042
85137
85168
85212
85301
85608
85656
85717
85718
85826
85951
86186
86385
86424
86529
86577
86689
86728
86869
86949
87154
87157
87161
87217
87239
87404
87445
87544
87619
87666
88054
88115
88228
88293
88300
88417
88549
88643
88664
88777
88907
88924
89007
89125
89183
89271
89406
89581
89709
89889
89935
90119
90159
90324
90464
90515
90561
90850
91125
91251
91303
91371
91677
91965
92094
92217
92363
92487
92490
92670
92710
92768
92988
93010
93151
93320
93355
93450
93485
93736
93811
93874
93915
93995
94019
94035
94088
94154
94235
94284
94383
94464
94621
94651
94818
95081
95359
95639
95672
95815
96133
96432
96450
96570
96610
96761
96803
96918
96938
96942
96977
97005
97189
97209
97280
97472
97642
97850
97893
98235
98265
98379
98482
98520
98525
98528
98530
98548
98753
98887
99067
99131
99397
99561
99761
100006
100031
100040
100105
100156
100208
100209
100264
100288
100291
100330
100389
100603
100662
100801
100812
100847
100890
100981
101041
101075
101150
101150
101181
101209
101275
101599
101635
101662
101664
101669
101702
101740
101750
101853
101920
102195
102400
102833
102926
103042
103127
103129
103168
103230
103234
103247
103263
103414
103608
103722
103743
104140
104191
104249
104377
104403
104453
104453
104481
104576
104603
104675
104689
104814
104816
104839
104843
105233
105249
105259
105300
105350
105429
105435
105489
105856
105923
105981
106282
106446
106553
106572
106575
106623
106757
106822
106843
106885
107011
107018
107038
107355
107399
107421
107523
107546
107575
107656
107794
107859
108000
108252
108323
108648
108717
108767
108823
108875
109021
109167
109221
109398
109468
109575
109600
109708
109789
109805
109946
109948
110066
110507
110542
110617
110853
110890
111020
111027
111150
111193
111217
111327
111462
111591
111696
111723
111873
111952
111997
112054
112065
112079
112178
112196
112208
112314
112319
112341
112415
112418
112546
112627
112731
112774
112798
112902
112987
113044
113127
113169
113312
113474
113550
113653
113702
113775
113856
113981
114009
114026
114125
114262
114291
114507
114591
114638
114681
114811
114832
114920
114964
115006
115095
115169
115185
115230
115248
115385
115403
115548
115681
115703
115859
115968
115972
116131
116137
116203
116272
116337
116483
116595
116634
116670
116671
116823
116930
116945
116987
117081
117208
117416
117507
117809
117987
118015
118061
118166
118306
118309
118320
118346
118395
118567
118703
118762
118772
118969
118970
119205
119213
119235
119272
119649
119791
119792
119866
119882
119925
120032
120060
120151
120322
120675
120702
120945
120963
121114
121314
121507
121744
121752
121791
121918
121944
122076
122205
122305
122310
122443
122462
122655
122677
122917
122925
122926
123067
123124
123143
123165
123191
123221
123224
123227
123235
123358
123372
123427
123819
123887
123923
123929
123969
124001
124042
124045
124177
124274
124444
124461
124464
124480
124610
124662
124677
124715
124718
124755
124959
124967
125052
125071
125107
125124
125279
125469
125476
125604
125607
125622
125628
125661
125755
125837
125859
126036
126038
126047
126176
126200
126372
126391
126465
126573
126574
126650
126653
126692
126747
126810
126861
126891
126991
127114
127163
127200
127349
127360
127456
127681
127805
127892
127942
128067
128080
128097
128187
128315
128327
128404
128451
128599
128678
128754
128782
128937
129006
129072
129115
129139
129182
129320
129398
129448
129476
129489
129510
129550
129666
129699
129812
130245
130305
130320
130337
130476
130624
130680
130809
130835
130859
130880
130952
131006
131014
131073
131083
131304
131342
131404
131459
131666
131794
131800
131840
131944
132313
132371
132420
132498
132506
132507
132636
132700
132785
132810
132956
132996
133024
133050
133054
133198
133205
133268
133396
133426
133464
133503
133641
133698
133700
133767
133792
133846
133945
134078
134149
134205
134403
134433
134459
134538
134541
134611
134613
134630
134798
135076
135124
135199
135199
135221
135349
135417
135495
135637
135767
135879
135978
136016
136054
136079
136131
136162
136446
136555
136603
136687
136887
136887
136920
136923
136945
137190
137307
137323
137420
137473
137942
137946
138057
138080
138125
138210
138247
138286
138352
138402
138568
138618
138762
138792
138816
138967
139054
139239
139604
139645
139762
139901
139915
139957
139967
140085
140371
140391
140426
140505
140606
140736
140761
140762
140811
140869
140883
141007
141095
141296
141305
141355
141403
141415
141705
141969
142069
142298
142337
142368
142435
142460
142501
142565
142639
142965
143007
143238
143338
143388
143605
143632
143674
143694
143816
143872
143932
144010
144033
144049
144141
144288
144306
144412
144550
144734
144815
144817
144865
145074
145274
145354
145420
145563
145903
145973
146049
146159
146170
146208
146274
146292
146410
146506
146535
146633
146755
146834
147099
147198
147238
147253
147276
147346
147438
147485
147718
147767
147821
147834
148344
148490
148626
148714
148783
148897
148970
149243
149354
149581
149601
149723
150037
150202
150277
150473
150487
150538
150864
151126
151264
151357
151432
151561
151651
151694
151728
151739
151789
151980
152155
152189
152203
152226
152305
152328
152610
152895
152907
153084
153096
153149
153318
153375
153425
153650
153657
153723
153760
153780
153792
154002
154195
154304
154332
154598
154701
154725
154895
155034
155099
155217
155244
155429
155610
155746
156130
156257
156289
156297
156357
156372
156389
156468
156475
156504
156542
156653
156772
156847
157124
157138
157149
157294
157566
157604
157647
157683
157713
157747
157913
157913
157938
158016
158135
158142
158149
158587
158756
159213
159241
159374
159450
159575
159663
159810
159856
159915
159990
160071
160130
160147
160311
160417
160424
160535
160613
160664
160854
161032
161097
161144
161208
161261
161469
161485
161585
161602
161719
162010
162154
162190
162427
162458
162563
162725
162774
162802
162808
162906
162933
163149
163221
163273
163456
163484
163561
163590
163593
163613
163666
164043
164298
164376
164380
164745
164755
164900
164972
164991
165083
165088
165415
165512
166173
166197
166300
166386
166419
166429
166464
166476
166484
166676
166753
166889
166919
166960
167009
167040
167172
167287
167294
167415
167490
167564
167578
168121
168265
168383
168485
168495
168531
169024
169073
169080
169200
169311
169667
169788
169916
169961
170016
170110
170235
170293
170372
170376
170492
170533
170957
171065
171067
171070
171103
171145
171182
171351
171355
171367
171458
171514
171612
171614
171640
171782
171865
171946
171968
172091
172250
172267
172292
172370
172397
172409
172532
172562
172650
172903
172941
173045
173305
173310
173737
173948
173995
174075
174084
174304
174342
174405
174473
174507
174568
174596
174636
174706
174714
174793
174819
174829
175050
175102
175335
175520
175561
175673
175674
175811
175875
175946
176060
176088
176173
176323
176463
177068
177143
177237
177518
177675
177768
177892
177970
178033
178103
178129
178208
178252
178387
178527
178597
178803
178931
178958
179001
179025
179041
179043
179082
179139
179157
179178
179244
179329
179416
179457
179764
179875
179951
179978
180036
180086
180243
180384
180605
180765
180803
180817
180876
181118
181472
181756
182202
182248
182393
182472
182474
182533
182606
182680
182804
183010
183012
183078
183168
183264
183783
183852
183985
184128
184238
184282
184304
184349
184358
184415
184477
184611
184669
184671
184687
184700
184930
185367
185797
185971
186135
186140
186238
186318
186321
186452
186523
186913
186915
187035
187055
187219
187242
187318
187319
187405
187494
187839
187874
188030
188072
188113
188122
188152
188423
188448
188581
188630
188661
188751
188907
188924
189155
189193
189242
189419
189651
189653
189678
189888
189893
190017
190033
190108
190180
190210
190596
190639
190666
190743
190833
191222
191312
191574
191581
191649
191704
191714
191736
191777
191803
191834
191961
191999
192001
192069
192166
192212
192262
192326
192334
192355
192415
192432
192511
192662
192732
192885
192902
193162
193201
193252
193258
193265
193316
193321
193509
193589
193648
193887
194146
194325
194530
194533
194542
194628
194690
194702
194713
194797
194863
194875
194979
195068
195152
195191
195216
195240
195325
195412
195513
195529
195570
195587
195618
195721
195911
196027
196083
196150
196291
196376
196419
196497
196632
196843
196855
196866
196931
197163
197302
197740
197742
197825
197875
197914
197988
198170
198190
198237
198369
198376
198464
198629
198690
199120
199376
199503
199532
199550
199639
199853
199897
199943
200119
200235
200335
200550
200744
200805
200833
200951
200980
200992
201014
201095
201136
201159
201173
201418
201431
201482
201545
201587
201681
201708
201919
201946
201963
202116
202127
202383
202490
202548
202566
202608
202657
202825
202913
203139
203203
203396
203479
203502
203520
203582
203610
203637
204087
204294
204304
204406
205021
205026
205031
205139
205144
205153
205363
205381
205606
205622
205665
205673
205734
205759
205775
206067
206080
206343
206366
206417
206418
206452
206551
206567
206607
206615
206843
207101
207161
207253
207459
207565
207933
207987
208020
208519
208664
208793
209041
209102
209385
209428
209566
209645
209655
209663
209732
209749
209816
209926
210092
210313
210321
210483
210791
210830
210862
210951
211018
211038
211075
211292
211421
211508
211533
211567
211658
211896
211940
212236
212590
212635
212756
212821
212838
213075
213141
213149
213315
213335
213371
213388
213471
213553
213573
213580
213607
213669
213797
213899
213958
213975
214010
214092
214182
214391
214578
214802
214814
214885
214988
215030
215039
215074
215148
215201
215408
215453
215629
215696
215732
215903
216138
216162
216177
216250
216610
216635
216743
217003
217068
217071
217190
217191
217319
217563
217631
217632
217665
217806
217843
217981
218032
218175
218219
218241
218556
218887
218968
219053
219183
219347
219476
219529
219944
219983
219999
220120
220155
220317
220368
220473
220500
220563
220720
220733
220778
220826
220851
220870
221017
221077
221118
221290
221506
221509
221523
221572
221723
221801
221860
222003
222171
222242
222305
222440
222440
222618
222625
222761
222782
222900
222958
223033
223096
223125
223283
223337
223578
223672
224018
224047
224193
224242
224246
224451
224494
224515
224539
224575
224626
224877
224935
224940
224996
225054
225243
225467
225477
225528
225564
225626
225679
225682
225719
226053
226228
226440
226800
226900
226942
226979
227020
227050
227070
227123
227160
227161
227166
227315
227350
227406
227430
227527
227567
227667
227739
227788
227898
227939
228027
228119
228492
228630
228768
228856
228966
229042
229082
229140
229237
229368
229394
229405
229517
229672
229846
230075
230089
230181
230245
230251
230276
230474
230619
230656
230702
230812
230919
231016
231078
231243
231320
231342
231505
231594
231684
231787
231829
231862
231882
232021
232036
232119
232177
232206
232228
232365
232570
232601
232637
232902
233013
233111
233317
233397
233410
233639
233809
233837
233901
234187
234210
234278
234291
234481
234613
234614
234673
234753
234764
234914
234975
235335
235518
235532
235555
235584
235687
235775
235839
235844
236226
236326
236464
236692
236860
237062
237180
237198
237223
237414
237428
237475
237528
238118
238127
238442
238473
238588
238644
238742
238928
238943
239288
239293
239419
239442
239499
239529
239578
239620
239695
239710
239788
239811
239978
239987
240025
240047
240049
240153
240200
240252
240563
240608
240836
240846
240861
240927
241021
241144
241297
241332
241374
241512
241596
241674
241773
241833
241932
241939
241952
242116
242164
242171
242173
242256
242444
242597
242801
243062
243111
243275
243293
243316
243343
243532
243649
243731
243793
243794
243809
243823
243848
243880
243980
244104
244473
244483
244486
244780
244809
244824
244983
245262
245330
245466
246000
246019
246102
246120
246209
246230
246491
246590
246622
246624
246684
246762
247154
247241
247446
247571
247963
248076
248077
248348
248467
248571
248611
248811
248862
248884
249081
249103
249163
249345
249444
249513
249592
249683
249692
249724
249827
250107
250194
250347
250374
250414
250758
250780
250788
250800
250978
251036
251068
251192
251406
251679
251689
251720
251777
251892
251936
252050
252338
252359
252551
252673
252735
252799
252830
252992
253178
253311
253345
253433
253496
253637
253677
253714
253899
253908
254061
254079
254093
254195
254246
254312
254431
254433
254518
254923
254951
255003
255193
255200
255341
255429
255480
255483
255702
255753
255819
255852
255943
255956
255968
255983
256043
256130
256191
256580
256584
256628
256696
256712
256799
256819
256916
257020
257076
257082
257185
257329
257416
257502
257663
257748
257850
257863
257865
258178
258300
258353
258368
258407
258422
258450
258734
258761
258857
258952
258984
258984
259001
259009
259071
259522
259568
259656
259785
259849
260026
260049
260062
260104
260207
260233
260242
260399
260517
260519
260570
260747
260988
261079
261294
261299
261398
261403
261609
261640
261745
261857
262044
262123
262247
262285
262369
262819
262823
262897
262919
262945
263094
263095
263199
263222
263223
263416
263465
263641
263687
263704
263904
263938
263965
264003
264149
264304
264355
264436
264560
264642
264756
264874
265154
265443
265457
265549
265601
265735
265791
265832
265949
265954
266013
266148
266194
266198
266203
266205
266497
266587
266692
266768
266846
266939
267438
267720
267895
268011
268291
268311
268361
268470
268504
268581
268902
269054
269083
269108
269131
269139
269235
269320
269327
269345
269373
269484
269543
269544
269544
269653
269718
269958
270089
270133
270197
270197
270316
270361
270660
270681
270729
271020
271027
271334
271433
271466
271534
271584
271737
271749
271870
271913
271916
272160
272274
272491
272643
272677
272843
272914
272921
273146
273190
273377
273555
273611
273743
273962
274011
274088
274096
274110
274183
274212
274277
274299
274463
274594
274646
274736
274963
274986
275021
275102
275152
275215
275291
275504
275528
275553
275560
275586
276003
276008
276095
276159
276388
276394
276410
276459
276490
276534
276845
276928
276936
277047
277116
277228
277291
277451
277478
277485
277520
277588
277774
277774
277850
278139
278260
278330
278486
278487
278497
278650
278716
278945
278982
279008
279154
279329
279548
279711
279777
279790
279981
280018
280021
280042
280243
280310
280342
280395
280498
280561
280700
280742
281434
281484
281520
281552
281945
281955
281988
282026
282232
282297
282442
282484
282493
282942
282969
283104
283179
283197
283311
283319
283393
283451
283537
283626
283642
283702
283704
283744
283857
283940
283981
284167
284230
284357
284518
284609
284621
284802
284868
285242
285265
285362
285365
285452
285559
285681
285799
286134
286309
286340
286366
286366
286406
286442
286576
286728
286821
286868
287004
287083
287132
287269
287366
287479
287504
287676
287723
287769
287770
287925
288047
288069
288104
288158
288313
288365
288443
288444
288627
288737
288806
288873
288929
289079
289155
289279
289376
289478
289516
289560
289583
289833
289860
289892
289977
290029
290059
290066
290220
290288
290375
290467
290496
290562
290746
290798
290858
290860
291041
291098
291193
291432
291495
291520
291604
291619
291959
291985
292009
292187
292407
292540
292767
292792
292829
292848
292885
293035
293083
293174
293233
293281
293341
293354
293415
293457
293541
293551
293588
293716
293736
293840
293898
293955
294113
294153
294225
294524
294577
295116
295209
295225
295301
295317
295330
295590
295715
295951
296053
296173
296213
296248
296324
296350
296359
296435
296674
296698
296735
296980
296992
297122
297153
297179
297180
297238
297304
297312
297406
297489
297526
297674
297857
297863
297962
298182
298261
298266
298279
298614
298633
298757
298970
298995
299062
299141
299199
299252
299552
299567
299693
299762
299834
299983
300131
300140
300141
300236
300252
300254
300412
300471
300592
300682
300802
300809
300890
301205
301219
301233
301268
301305
301380
301397
301560
301681
301682
302066
302365
302580
302745
303224
303238
303239
303342
303356
303464
303471
303665
303837
303865
303962
304057
304224
304289
304296
304531
304653
304927
304934
304953
304967
305158
305362
305394
305403
305641
305779
305845
305910
306153
306162
306172
306271
306317
306336
306353
306461
306515
306670
306750
306760
306762
307330
307393
307522
307572
307759
307768
307859
308184
308191
308223
308476
308489
308607
308742
308787
308926
309092
309148
309289
309346
309515
309533
309534
309596
309931
309991
310036
310072
310110
310181
310378
310395
310403
310648
310793
310878
311212
311217
311395
311552
311582
311600
311610
311644
311831
311960
311991
312003
312029
312095
312159
312163
312226
312268
312413
312422
312532
312565
312579
312587
312713
312981
313009
313013
313082
313138
313331
313384
313394
313456
313550
313738
313783
313798
313874
313944
314316
314404
314463
314706
314743
314748
314758
314760
315170
315204
315246
315467
315580
315780
315803
315929
315962
316004
316209
316287
316289
316311
316463
316597
316624
316733
316748
316804
316977
317608
317766
317901
317917
317987
318097
318161
318193
318448
318476
318489
318512
318537
318570
318640
318649
318818
318886
318938
319141
319265
319342
319401
319521
319597
319628
319746
319762
319846
320035
320057
320122
320157
320282
320310
320350
320428
320462
320537
320748
320798
320899
321046
321103
321119
321145
321192
321208
321523
321569
321820
321864
322054
322091
322212
322309
322354
322631
323062
323088
323443
323563
323823
323898
323959
324111
324121
324168
324205
324332
324472
325115
325186
325301
325315
325410
325465
325561
325604
325684
326038
326189
326201
326346
326452
326902
327028
327084
327085
327091
327198
327218
327279
327339
328094
328132
328273
328562
328607
328731
328969
329040
329117
329335
329404
329429
329466
329520
329591
329673
329728
329768
329843
329875
329877
329892
329901
330046
330082
330099
330400
330456
330509
330742
330768
330904
331071
331272
331598
331614
331868
331973
332250
332327
332392
332437
332525
332570
332652
332658
332753
332897
333087
333230
333274
333285
333305
333411
333412
333415
333431
333477
333585
333621
333693
333736
333888
333898
333943
334125
334412
334687
334842
334913
335018
335195
335207
335504
335541
335644
335757
335829
335910
335975
336345
336719
336764
336784
337065
337379
337537
337553
337569
337645
337692
337765
337777
337908
338073
338136
338318
338332
338371
338470
338621
338687
338708
338783
338826
338902
339211
339483
339577
339592
339600
339682
339751
339772
339806
339864
339940
340065
340272
340368
340553
340759
340922
340925
341003
341044
341047
341169
341196
341373
341396
341470
341663
341737
341757
341906
341910
341944
341965
342022
342023
342155
342235
342310
342412
342428
342590
342615
342658
342666
342733
342827
342873
343186
343359
343411
343660
343822
343938
343946
343984
344517
344545
344553
344580
344622
344693
344918
344951
344956
345041
345103
345110
345225
345256
345307
345337
345464
345540
345578
345606
345657
345713
345881
345902
345903
346028
346123
346131
346209
346745
346770
346785
346822
346863
346957
347362
347474
347552
347577
348042
348127
348129
348259
348277
348331
348441
348533
348577
348642
348794
348893
349003
349026
349250
349258
349275
349424
349531
349591
349603
349611
349918
349942
350101
350158
350314
350351
350352
350354
350583
350589
350682
350940
351034
351219
351284
351295
351297
351338
351515
351655
351850
351882
351948
351964
352216
352232
352249
352250
352278
352503
352535
352599
352784
353114
353226
353292
353388
353511
353698
354034
354124
354190
354404
354663
354736
354751
354752
354767
354779
355181
355223
355445
355534
355548
355628
355671
355771
355889
356009
356010
356106
356436
356546
356583
356624
356816
356924
356939
356954
356993
357280
357289
357582
357696
357916
357988
357988
358238
358265
358341
358358
358427
358443
358473
358530
358588
358596
358650
358682
358955
359150
359181
359241
359379
359460
359495
359656
359666
359713
359961
360063
360071
360107
360133
360226
360462
360787
360810
360846
360949
361085
361105
361166
361183
361208
361253
361330
361357
361391
361558
361607
361635
361658
361722
361761
361844
362021
362136
362531
362545
362553
362610
362749
362801
362838
362858
363090
363109
363224
363456
363524
363605
363608
363784
363859
363864
364132
364360
364626
364886
364979
365047
365057
365199
365249
365264
365276
365309
365369
365473
365525
365547
365615
365744
365965
366005
366110
366163
366183
366325
366474
366724
366799
366826
366881
366968
366972
367036
367058
367173
367278
367361
367673
367695
367797
367868
367891
368021
368044
368144
368283
368344
368462
368494
368702
368910
368938
369010
369094
369240
369409
369473
369481
369595
369602
369769
369959
370007
370060
370228
370247
370395
370507
370575
370591
370845
370888
370921
371251
371459
371526
371634
371844
371892
371942
371951
372416
372428
372588
372668
372835
373193
373257
373275
373387
373404
373420
373422
373537
373593
373660
373703
373745
374124
374149
374167
374184
374191
374370
374526
374561
374562
374570
374694
374868
374955
375429
375430
375751
375833
375973
376319
376348
376360
376396
376497
376571
376628
376689
376766
376897
376947
376962
376979
377087
377246
377320
377461
377480
377562
377678
377689
377742
377758
377788
377844
377845
377963
378200
378252
378388
378501
378645
378666
378715
378743
378892
379051
379270
379300
379705
379749
379828
379832
379904
379907
379947
380167
380223
380524
380607
380620
380714
380739
380831
380857
381017
381041
381173
381391
381497
381619
381666
381953
382180
382276
382312
382426
382440
382456
382508
382539
382582
382639
382878
382949
383137
383181
383210
383293
383362
383454
383593
383717
383785
383803
383857
383930
384000
384222
384230
384304
384423
384508
384511
384647
384723
384894
384996
385187
385196
385517
385572
385578
385900
385913
386286
386330
386376
386656
386667
386742
386817
386845
387057
387191
387480
387541
387595
387614
387638
387662
387726
387788
387806
387965
387972
387979
388120
388198
388238
388397
388421
388537
388561
388658
388710
388773
388821
388860
388862
388950
388952
388983
389050
389237
389263
389633
389826
389855
389873
389919
389984
390057
390134
390253
390461
390767
390884
390899
390931
391667
391701
391727
391902
392025
392280
392359
392406
392454
392463
392480
392638
392662
392772
392820
392845
392890
392929
392951
392977
393142
393372
393374
393500
393601
393679
393843
393845
393874
393970
393999
394042
394049
394139
394284
394481
394564
394752
394806
394890
394910
394914
395171
395193
395238
395334
395532
395578
395640
395683
395766
395785
395855
396094
396120
396191
396393
396510
396661
396676
396786
396804
396820
396883
396937
397242
397471
397517
397560
397702
397733
397786
397927
397931
397964
398015
398021
398032
398214
398258
398261
398355
398470
398473
398507
398663
398732
398738
398740
398759
398813
399078
399162
399405
399413
399442
399703
399711
399732
399955
399977
400100
400196
400305
400350
400414
400663
400664
400861
400891
401009
401133
401377
401385
401517
401707
401919
402276
402710
402733
402742
402964
403154
403236
403259
403469
403530
403534
403636
403653
403692
403976
404137
404238
404336
404625
404637
404752
404798
404818
404837
404892
404947
404952
405097
405118
405147
405160
405304
406109
406131
406160
406189
406212
406410
406412
406444
406504
406522
406617
406659
406705
406847
406870
406888
407049
407177
407271
407274
407332
407588
407903
408056
408153
408658
408793
408853
408938
409007
409024
409051
409182
409194
409206
409211
409313
409348
409607
409665
409677
410178
410211
410211
410246
410320
410595
410620
410778
410894
410952
411191
411451
411496
411741
411987
411992
412054
412091
412094
412125
412136
412178
412289
412302
412305
412430
412585
412607
412696
412758
412789
412982
413030
413093
413164
413208
413341
413393
413402
413406
413477
413509
413512
413726
413870
413882
413984
414097
414135
414197
414203
414249
414319
414633
414663
414765
414892
414895
414896
414942
414961
414998
415033
415129
415278
415279
415388
415403
415419
415604
416021
416086
416095
416440
416477
416492
416499
416557
416602
416812
416867
416955
417030
417057
417070
417204
417768
417812
417845
417898
418012
418436
418486
418617
418624
418685
418975
419006
419091
419264
419546
419561
419650
419781
419910
419983
420059
420385
420460
420551
420747
420766
420894
421028
421112
421262
421293
421428
421617
421687
421816
421851
421855
421903
421913
421923
421991
422161
422245
422293
422466
422544
422556
422770
422867
422903
423194
423260
423282
423382
423528
423652
423684
423750
423943
424017
424018
424238
424333
424377
424380
424404
424600
424800
424882
425345
425349
425450
425748
425847
426096
426113
426720
426839
426920
427062
427281
427303
427371
427383
427394
427478
427587
427623
427740
428033
428073
428170
428224
428512
428574
428600
428728
428792
428840
428856
429005
429129
429192
429202
429223
429228
429437
429453
429535
429642
429650
429740
429781
429788
429823
429951
429960
429988
430065
430077
430175
430178
430364
430392
430513
430618
430676
430721
430837
430852
430956
431046
431085
431168
431236
431260
431282
431496
431538
431900
432033
432141
432185
432230
432354
432390
432397
432418
432426
432558
432570
432643
432652
432751
432754
432767
432915
432937
433151
433175
433360
433450
433456
433738
433741
433798
433803
433818
433951
434040
434045
434110
434271
434272
434372
434398
434416
434489
434498
434541
434583
434693
434979
435012
435093
435143
435218
435352
435381
435497
435740
436069
436121
436150
436223
436407
436484
436708
436925
436956
437173
437216
437345
437398
437564
437603
437813
437925
438073
438279
438367
438456
438573
438652
438740
438847
438867
438998
439362
439395
439413
439457
439457
439542
439669
439699
439858
439912
440007
440221
440290
440426
440447
440454
440614
440687
440698
440749
440957
441066
441087
441393
441452
441596
441598
441609
441708
441753
441888
441929
441955
442007
442020
442139
442245
442251
442285
442302
442339
442442
442965
443082
443217
443241
443349
443396
443647
444017
444095
444119
444207
444237
444263
444325
444369
444676
444725
444877
445019
445165
445179
445222
445530
445732
445820
445942
445957
446028
446081
446094
446100
446110
446196
446225
446248
446430
446547
446556
446677
446730
446825
446880
446880
446882
446894
446950
447005
447025
447086
447179
447233
447251
447275
447382
447599
447749
447907
448038
448126
448214
448245
448512
448741
448777
448910
449071
449268
449278
449341
449413
449490
449561
449682
449978
450093
450135
450140
450216
450418
450446
450479
450522
450615
450626
450686
450915
450941
450991
451095
451154
451544
451738
451750
452083
452174
452360
452486
452517
452637
452831
453017
453042
453134
453135
453175
453208
453215
453233
453322
453424
453466
453467
453641
453715
453721
453812
453884
453948
454082
454132
454197
454270
454455
454681
454689
454717
454873
454897
454903
455038
455189
455248
455348
455449
455461
455485
455492
455730
456060
456174
456464
456469
456734
456939
457035
457135
457200
457297
457377
457617
457668
457774
457802
457904
457928
457999
458192
458220
458263
458410
458447
458819
459009
459426
459763
459822
459831
459893
459901
459959
460040
460056
460087
460118
460162
460176
460316
460359
460548
460633
460680
460981
460984
461121
461234
461279
461405
461468
461470
461514
461517
461605
461620
461639
461646
461658
461880
461950
462215
462286
462324
462467
462511
462580
462632
462643
462928
463154
463298
463497
463547
463765
463993
464235
464378
464410
464477
464504
464515
464523
464624
464651
464764
464991
465033
465186
465196
465231
465611
465616
465990
466013
466172
466366
466415
466424
466428
466558
466683
466782
466842
466915
467021
467216
467455
467621
468149
468315
468374
468468
468535
468625
468961
468990
469019
469167
469270
469480
469601
469706
469808
469860
470005
470109
470182
470198
470258
470499
470556
470788
471084
471121
471184
471233
471255
471293
471360
471536
471544
471582
471618
471632
471723
471823
471977
472281
472324
472381
472485
472499
472668
472670
472848
473689
473756
473789
474014
474133
474164
474383
474489
474494
474569
474574
474578
475131
475258
475280
475400
475479
475600
475815
475824
475866
475981
476019
476107
476140
476144
476177
476288
476600
476610
476639
476769
476842
476858
476964
477239
477294
477314
477696
477732
477738
477742
478031
478126
478211
478216
478251
478374
478378
478590
478615
478739
478743
478754
478783
478806
478924
479059
479082
479101
479315
479331
479350
479351
479411
479438
479450
479454
479539
479603
479606
479761
479858
480038
480100
480702
480765
480887
480937
480950
481108
481428
481472
481674
481824
481911
481959
481963
481987
482060
482095
482105
482142
482337
482784
483009
483073
483088
483198
483251
483278
483350
483406
483415
483557
483688
483747
483750
483773
484139
484222
484311
484680
484863
485057
485167
485315
485352
485364
485465
485616
485667
485686
485798
485811
485879
485920
485947
486199
486323
486828
486991
487091
487320
487528
487560
487656
487723
487944
487993
488246
488489
488572
488724
488779
488822
488928
488997
489077
489082
489489
489580
489765
489831
489844
489851
489874
489970
490037
490102
490406
490486
490522
490555
490578
490640
490741
490744
490859
490998
491112
491155
491283
491421
491678
491702
491787
491818
491940
492047
492170
492180
492234
492239
492421
492542
492706
492890
493145
493172
493251
493293
493600
493602
493610
493617
493626
493877
493953
494082
494519
494563
494607
494749
494752
494803
494871
494918
494938
495045
495226
495234
495317
495473
495582
495603
495674
496052
496421
496446
496469
496549
496741
496842
496854
496880
496955
497141
497165
497557
497842
497916
497953
498065
498111
498292
498332
498452
498660
498709
498722
498772
498824
498852
499174
499241
499300
499327
499406
499446
499450
499919
499958
500097
500213
500351
500381
500533
500588
500635
500730
501000
501121
501372
501424
501445
501558
501853
501920
502013
502198
502335
502372
502930
503240
503306
503397
503517
503596
503812
503951
504026
504029
504101
504102
504400
504409
504475
504562
504625
504670
504775
504852
504904
505190
505268
505404
505564
505614
505724
505790
506051
506179
506294
506347
506518
506529
506656
506743
507121
507162
507175
507262
507304
507312
507324
507367
507431
507462
507717
507768
507891
508249
508266
508311
508312
508366
508497
508586
508690
508856
509030
509142
509229
509272
509346
509441
509446
509613
509632
509658
509741
509796
509891
510009
510450
510806
510851
510853
511068
511206
511341
511357
511485
511546
511853
511856
511891
511956
512006
512135
512330
512426
512525
512675
512793
512819
512927
513168
513191
513339
513399
513483
513525
513673
513739
513815
513840
514123
514336
514384
514450
514478
514550
514577
514682
514685
514804
514980
515033
515069
515211
515218
515256
515379
515509
515514
515529
515642
515672
515684
515738
515840
515917
515948
516104
516161
516228
516423
516475
516584
516656
516670
516726
516795
517040
517291
517336
517464
517690
517972
517978
518089
518155
518194
518298
518309
518317
518357
518416
518786
518971
519169
519204
519236
519480
519567
519614
519674
519768
519902
520050
520324
520618
520631
520663
520777
520910
521027
521150
521233
521502
521519
521761
521825
521857
521896
521897
521981
522152
522196
522270
522368
522389
522442
522457
522519
522654
522931
523180
523241
523315
523317
523595
523609
523782
523935
523971
523997
524002
524124
524241
524310
524380
524391
524530
524546
524564
524581
524623
524650
524908
525381
525480
525571
525653
525675
525762
525867
525905
526040
526156
526276
526461
526479
526488
526666
526705
526746
526798
526907
527009
527059
527093
527107
527174
527299
527495
527520
527687
527913
527992
528088
528098
528218
528224
528284
528289
528367
528378
528601
528631
528745
529150
529186
529207
529227
529290
529623
529784
529815
529837
529852
529859
529938
530301
530314
530485
530509
530656
530902
531159
531199
531207
531573
531685
531762
531791
531880
532035
532041
532072
532089
532303
532347
532386
532684
532689
532790
532829
532923
532963
532980
533074
533144
533310
533325
533417
533645
533869
533914
533970
534004
534016
534101
534370
534445
534563
534750
534839
534940
534964
535073
535258
535283
535442
535444
535617
535735
535804
535957
536037
536044
536447
536559
536608
536676
536700
536748
537078
537121
537205
537308
537852
537985
538074
538097
538143
538153
538188
538486
538566
538771
538993
539001
539017
539150
539179
539198
539269
539342
539563
539578
539598
539620
539829
539895
539895
539903
540265
540265
540345
540505
540753
540920
540974
541000
541008
541565
541820
541854
541904
542293
542405
542428
542451
542507
542659
542713
542765
542945
542966
543042
543051
543068
543072
543175
543225
543311
543354
543400
543578
543605
543620
543709
543717
543768
543924
543976
544011
544140
544158
544214
544245
544517
544630
544647
544851
544868
544994
545000
545109
545287
545303
545309
545471
545715
545924
546077
546116
546221
546304
546396
546524
546712
546724
546744
546762
546828
546854
547101
547102
547198
547246
547405
547629
547709
547727
547836
547868
547893
547955
547979
548087
548178
548303
548625
548673
548683
548938
549074
549392
549588
549726
549726
549735
549796
549836
549879
549910
549932
550333
550589
550791
550904
550963
551172
551321
551454
551455
551689
551773
551944
551969
551970
552000
552022
552061
552261
552266
552283
552292
552426
552556
552642
552680
552736
552780
552783
552950
553139
553186
553396
553446
553591
553601
553616
553686
553884
553904
554019
554039
554067
554344
554420
554436
554456
554607
554679
554742
554773
554793
554921
555041
555043
555050
555116
555192
555321
555403
555446
555450
555645
555789
555874
555902
555999
556036
556194
556434
556440
556459
556471
556479
556499
556648
556693
556727
556939
557147
557235
557463
557669
557752
558008
558039
558212
558312
558531
558631
558921
558942
558984
559010
559130
559174
559261
559388
559911
559931
559946
559983
559987
560022
560092
560224
560402
560452
560470
560610
560690
560871
561365
561366
561443
561512
561573
561617
561774
561893
561978
562133
562175
562263
562273
562288
562410
562531
562563
562599
562599
562811
562950
562972
563089
563263
563455
563480
563490
563578
563617
563816
563927
563931
564048
564125
564201
564245
564315
564386
564486
564635
564893
564948
565060
565073
565174
565269
565400
565417
565498
565575
565621
565727
565764
566166
566171
566191
566246
566284
566392
566454
566702
566930
567042
567106
567398
567457
567486
567502
567525
567569
567617
567655
567846
567867
567871
567963
568098
568136
568195
568355
568560
568780
568785
568839
569010
569059
569542
569599
569633
569840
570653
570657
570865
570931
570983
570992
571075
571607
571729
572082
572174
572323
572422
572451
572488
572524
572526
572551
572566
572596
572660
572740
572740
572847
572911
573257
573264
573264
573302
573304
573419
573484
573619
573638
573934
573992
574051
574146
574198
574392
574702
574838
574965
575145
575290
575320
575352
575436
575449
575525
575696
575767
575874
575976
576501
576522
576620
576689
576705
576707
576854
576997
577001
577195
577253
577412
577496
577530
577580
577806
577999
578061
578114
578114
578198
578198
578231
578459
578655
578720
578791
578917
579016
579117
579149
579155
579233
579553
579572
579627
580017
580051
580110
580222
580241
580309
580441
580485
580492
580842
580875
580875
580926
581063
581101
581156
581401
581469
581557
581597
581616
581651
581753
581812
582011
582152
582215
582270
582393
582710
582757
582767
582913
582940
583015
583374
583388
583398
583870
583958
584118
584214
584336
584338
584438
584458
584462
584471
584480
584746
584944
584967
585131
585339
585349
585515
585532
585614
585692
585887
586047
586259
586276
586366
586528
586796
586942
587107
587192
587200
587322
587362
587466
587499
587584
587599
587711
587712
587808
587857
588033
588183
588269
588400
588508
588533
588594
588851
588885
588895
589025
589132
589206
589215
589408
589487
589516
589574
589608
589611
589620
589683
589811
589839
589839
590251
590319
590386
590535
590660
590687
591005
591395
591459
591559
591636
591782
591871
591918
591965
592094
592145
592186
592334
592610
592633
592779
592783
592833
593055
593284
593358
593458
593589
593721
593745
593808
593880
593890
593906
594095
594107
594168
594171
594182
594197
594294
594449
594454
594533
594646
594687
594754
594828
594835
595059
595171
595292
595371
595479
595576
595695
595706
595885
596075
596130
596226
596259
596346
596444
596451
596665
596698
596699
596830
597146
597198
597245
597410
597448
597502
597532
597663
598012
598186
598252
598399
598429
598448
598575
598638
598699
598735
598761
598934
598995
599085
599302
599333
599482
599485
599487
599543
599643
599723
599934
600136
600178
600244
600429
600491
600592
600660
600728
600877
601253
601312
601662
601775
601861
602077
602123
602212
602417
602669
602843
602855
602899
602980
603142
603149
603225
603323
603612
603686
603855
603918
604064
604113
604146
604228
604305
604337
604401
604422
604521
604843
604882
604981
605266
605282
605291
605399
605616
605746
605791
605851
606212
606310
606473
606633
606633
606640
606941
607149
607394
607456
607712
607792
607945
607986
608020
608088
608191
608216
608223
608369
608460
608678
608724
608820
608838
608839
609269
609322
609582
609608
609663
609712
609962
609972
610016
610437
610485
610615
610644
610812
610871
610891
610897
610960
611317
611355
611401
611583
611611
612444
612511
612763
612780
612788
613101
613131
613215
613231
613365
613471
613532
613631
613669
614056
614182
614246
614601
614701
614918
614968
614974
614995
615305
615370
615662
615664
615666
615850
616044
616135
616349
616411
616491
616571
616707
616809
617006
617242
617263
617271
617343
617403
617470
617590
618027
618219
618227
618392
618393
618434
618436
618518
618554
618555
618700
618816
618895
618904
618910
618914
619009
619013
619033
619112
619180
619446
619548
619677
619743
619885
619913
620077
620291
620360
620406
620437
620487
620570
620943
620974
621125
621163
621507
621608
621735
621742
621786
621837
621838
621841
621935
621996
622039
622137
622160
622199
622434
622441
622488
622727
622784
622785
622863
622884
622900
623001
623139
623162
623205
623246
623253
623319
623446
623500
623509
623807
623821
623937
623978
624005
624058
624409
624447
624502
625008
625063
625138
625280
625323
626117
626218
626301
626439
626467
626490
626579
626693
626997
627077
627417
627435
627489
627690
627768
627820
628066
628156
628275
628315
628351
628392
628470
628546
628553
628600
628740
628881
628899
628914
628982
629143
629232
629466
630216
630224
630431
630855
631090
631275
631421
631465
631480
631663
631682
631791
631845
632193
632407
632450
632456
632492
632592
632647
632690
632715
632756
632757
632908
632954
633031
633111
633301
633342
633711
633789
633874
634087
634204
634288
634483
634495
634497
634591
634624
634694
634898
634996
635091
635180
635221
635605
635659
636057
636067
636089
636094
636112
636312
636400
636602
636680
636802
636848
636867
636937
636982
637081
637142
637254
637546
637572
637579
637737
637807
637907
637911
638033
638335
638345
638382
638430
638500
638511
638692
638762
638831
638860
638903
639004
639223
639289
639334
639335
639571
639689
639730
639834
640113
640145
640200
640207
640253
640282
640348
640350
640466
641098
641139
641215
641262
641310
641354
641444
641592
641604
641816
641855
642171
642203
642437
642475
642520
642639
642646
642714
642814
642821
642838
642905
642992
643022
643035
643059
643093
643093
643195
643264
643533
643693
643788
643835
643985
644001
644159
644184
644217
644329
644448
644448
644480
644482
644544
644874
644961
645065
645272
645422
645438
645544
645887
645952
645994
646001
646115
646123
646129
646162
646166
646417
646417
646628
646801
646834
646979
647285
647601
647681
647827
648011
648112
648167
648276
648349
648392
648492
648519
648642
648716
648810
648961
649098
649125
649199
649223
649299
649377
649394
649476
649543
649553
649662
649688
649711
649738
649906
649931
649944
649987
650000
650043
650085
650554
650639
650887
650914
650988
651009
651039
651165
651198
651259
651330
651344
651364
651364
651416
651449
651487
651488
651519
651537
651732
651766
651796
651937
652001
652124
652160
652247
652257
652346
652617
652651
652733
652885
652905
652943
652970
653157
653174
653234
653316
653445
653652
653692
653708
653741
653816
653829
653887
653970
653972
654172
654256
654295
654445
654601
654660
654713
655285
655385
655578
655654
655660
655671
655759
655824
655924
655974
656058
656284
656304
656427
656707
656789
656888
656930
657204
657214
657521
657595
657600
657630
657771
657860
658020
658021
658035
658084
658248
658280
658450
658781
658834
659089
659139
659182
659198
659270
659284
659285
659303
659372
659458
659503
659630
659693
659755
659889
659900
660274
660303
660304
660345
660362
660436
660463
660542
660568
660793
660911
661012
661055
661084
661157
661170
661221
661365
661374
661450
661467
661480
661573
661574
661593
662114
662120
662254
662260
662321
662365
662366
662484
662670
662747
662817
662863
662925
662960
663070
663172
663285
663384
663522
663765
664183
664212
664320
664336
664470
664583
664598
664662
664795
664895
664949
664951
664966
665300
665337
665364
665418
665486
665491
665618
665619
665680
665744
665938
665977
665978
665982
666074
666093
666146
666176
666190
666238
666314
666577
666595
666614
666760
667006
667060
667088
667311
667361
667620
667850
668021
668078
668275
668279
668511
668578
668724
668840
668967
669037
669174
669457
669573
669574
670192
670432
670509
670597
670703
670773
670782
670871
671270
671271
671402
671408
671433
671567
671762
671885
671976
672210
672238
672320
672542
672732
672799
672853
672998
673011
673097
673108
673315
673403
673549
673572
673692
673801
673971
674100
674152
674204
674338
674471
674939
674974
675096
675118
675234
675438
675456
675647
675718
675743
675762
675927
676024
676131
676454
676573
676657
676737
676864
677123
677207
677213
677418
677453
677794
678012
678188
678533
678563
678590
678803
678813
678967
679163
679227
679239
679282
679287
679400
679409
679481
679494
679500
679501
679639
679651
679665
679714
679714
679794
679795
679870
679964
680027
680129
680145
680176
680231
680238
680383
680554
680640
680742
680774
680802
680881
680903
680907
680989
681171
681304
681511
681555
681660
681964
682258
682410
682555
682682
682801
683130
683154
683199
683206
683237
683411
683634
683653
683889
683929
683963
684082
684317
684321
684508
684769
684813
684917
685002
685006
685155
685223
685309
685333
685772
685799
685815
685839
685855
685878
685917
686064
686139
686325
686390
686447
686604
686724
687040
687198
687405
687406
687853
687869
688006
688114
688193
688223
688250
688562
688595
688636
688645
688736
688849
688860
688971
689243
689245
689322
689545
689660
689722
689858
689863
689903
689980
690040
690117
690215
690274
690397
690574
690634
690730
690803
690839
691143
691147
691554
691572
691711
691816
692068
692604
692800
692856
692949
693081
693112
693149
693228
693373
693382
693496
693533
693539
693819
693837
693842
693979
694026
694085
694092
694205
694543
694555
694665
694787
694846
694913
694946
695005
695010
695107
695270
695567
695974
696096
696104
696251
696356
696627
696677
696763
696828
696873
696916
696925
696965
697169
697250
697282
697330
697384
697420
697422
697477
697531
697711
697798
697976
697994
698021
698119
698179
698205
698235
698252
698260
698267
698380
698529
698569
698583
698591
698642
698690
698846
698858
698925
698961
699239
699524
699544
699607
699817
699848
699967
699972
700050
700057
700096
700236
700358
700375
700424
700628
700638
700653
700713
700828
701071
701087
701128
701231
701268
701414
701545
701639
701776
701896
701962
702111
702131
702207
702235
702325
702589
702590
702597
702650
702966
703096
703202
703374
703592
703618
703769
703815
703850
703866
703899
703927
704072
704226
704423
704455
704461
704467
704618
704725
704828
705051
705215
705443
705454
705657
705725
705899
705968
705989
706213
706251
706342
706388
706478
706519
706549
706602
706646
707021
707024
707025
707084
707156
707422
707697
707858
707927
707934
707935
708173
708295
708590
708665
708694
708756
708952
709012
709230
709272
709475
709619
709643
709707
709778
709862
709880
710050
710198
710212
710284
710304
710318
710321
710337
710562
711162
711171
711218
711319
711344
711426
711784
711798
711902
711941
711948
711955
711979
712114
712209
712215
712319
712352
712433
712567
712622
712886
712934
713049
713179
713500
713553
713674
713705
713808
713981
713983
714115
714173
714191
714268
714347
714439
714478
714492
714517
714537
714826
715016
715037
715461
715483
715594
715652
715704
715811
716058
716131
716398
716448
716462
716563
716690
716752
716769
716895
716956
717229
717342
717597
717601
717630
717715
717790
717792
717912
717920
717976
717977
718246
718291
718551
718710
718765
718870
718981
719236
719317
719352
719367
719405
719408
719434
719485
719631
719701
719990
720047
720297
720350
720573
720620
720650
720922
720932
721006
721170
721178
721194
721198
721263
721339
721408
721635
721854
721934
721950
721988
722188
722299
722316
722347
722629
722893
723113
723125
723259
723284
723351
723388
723591
723594
723604
723611
723641
723680
723731
723909
724141
724303
724415
724582
724620
724731
724813
725161
725170
725205
725288
725490
725646
725742
725947
726152
726171
726189
726363
726399
726409
726748
726837
726984
726990
727004
727070
727186
727196
727221
727292
727402
727439
728008
728091
728201
728221
728222
728322
728586
728690
728889
728978
729087
729222
729340
729560
729646
729747
729818
729829
729897
730373
730440
730610
730623
730900
731016
731059
731111
731227
731232
731246
731298
731447
731475
731485
731634
731714
731726
731737
731816
731909
732039
732317
732332
732353
732455
732603
732615
732768
733083
733235
733388
733555
733566
733625
733690
733694
733928
734241
734242
734419
734571
734619
734638
734661
734704
734781
734875
735178
735300
735431
735564
735655
735690
735747
735756
735846
735897
735929
736170
736293
736312
736563
736665
736686
736722
736870
736967
737127
737424
737462
737496
737523
737532
737579
737809
737936
738426
738517
738563
738700
739032
739189
739508
739637
739659
739691
739896
739899
739928
739962
739989
740005
740050
740074
740084
740149
740241
740245
740247
740575
740671
740691
740845
740895
741485
741485
741621
741738
741741
741936
742154
742160
742179
742201
742557
742774
742796
743058
743090
743136
743177
743305
743427
743435
743603
743654
743665
743827
744315
744470
744574
744605
744608
744673
744809
744894
744924
744953
745170
745181
745225
745379
745478
745727
745853
745941
746005
746034
746041
746231
746390
746417
746558
746626
746665
746826
746829
746954
746987
747040
747089
747165
747236
747343
747396
747416
747515
747750
747857
747863
748195
748224
748394
748410
748419
748420
748438
748439
748441
748543
748718
748881
748984
749161
749179
749328
749392
749412
749515
749560
749795
749824
750008
750139
750278
750440
750455
750619
750683
750725
750970
751019
751316
751327
751395
751405
751578
751732
751859
751899
751900
752074
752309
752350
752513
752546
752572
752747
752753
753028
753086
753317
753327
753553
753681
753901
754019
754064
754086
754204
754223
754307
754529
754685
754699
754781
755450
755482
755969
756007
756059
756106
756393
756627
757163
757229
757331
757363
757370
757426
757592
757602
757632
757909
758008
758050
758149
758175
758369
758454
758599
758720
758891
758900
759043
759196
759277
759289
759307
759507
759528
759648
759749
759767
759964
760033
760124
760130
760208
760266
760272
760280
760368
760410
760523
760565
760688
760718
760745
760778
760823
760922
761012
761082
761196
761448
761721
761842
761942
761949
761975
762247
762276
762292
762340
762379
762450
762523
762810
762900
763040
763094
763190
763270
763350
763364
763446
763609
763725
763776
763830
763964
763985
764050
764083
764120
764256
764288
764335
764427
764428
764733
764798
764817
765107
765140
765302
765455
765494
765741
765892
765979
765987
766089
766180
766216
766285
766399
766578
766725
767159
767305
767377
767437
767703
767752
767775
767776
767883
767944
768002
768005
768152
768153
768299
768459
768475
768564
768842
768848
768923
768936
768985
769017
769096
769142
769176
769201
769234
769857
769898
770420
770451
770541
770624
770678
770712
770828
770870
770929
771019
771071
771077
771157
771552
771569
771579
771620
771687
772043
772100
772125
772321
772321
772502
772586
772614
772933
773115
773233
773805
773852
773951
774059
774144
774316
774429
774754
774848
774876
774905
774921
774982
774986
775033
775128
775135
775222
775281
775365
775385
775520
775562
775623
775651
775786
775862
775919
775924
776135
776188
776216
776421
776479
776508
776751
776847
776945
777019
777047
777086
777229
777373
777396
777439
777585
777588
777614
777736
777795
777828
777853
777927
778000
778084
778314
778660
778883
779133
779259
779341
779450
779482
779527
779572
779715
779814
779973
780133
780218
780345
780352
780577
780643
780660
780717
780792
780866
780874
780895
780899
780926
780949
780985
780998
781044
781191
781228
781309
781483
781526
781661
781798
781868
781923
781942
782097
782160
782351
782362
782390
782558
782612
782623
782770
782793
782932
782975
783021
783299
783324
783371
783405
783477
783486
783598
783766
783861
783987
784023
784037
784092
784299
784624
784683
784775
784838
784903
784904
784993
785276
785292
785377
785553
785610
785761
785764
785764
785850
786004
786109
786229
786481
786713
786750
786873
786874
787099
787199
787289
787375
787429
787586
787743
787771
787812
788050
788052
788100
788125
788227
788341
788443
788541
788542
788561
788646
788654
788725
788798
788810
789162
789234
789286
789430
789691
789856
790099
790115
790236
790293
790309
790391
790453
790456
790464
790553
790571
790589
790740
790741
790764
790781
791201
791223
791303
791321
791456
791491
791590
791619
791773
792005
792108
792300
792381
792604
792675
792703
792760
792853
792859
793023
793091
793149
793191
793244
793446
793492
793545
793559
793866
793953
794126
794163
794164
794237
794249
794589
794756
794756
794820
794955
795009
795057
795079
795134
795199
795237
795348
795493
795538
795619
795662
795799
795960
796072
796104
796167
796318
796830
796837
796873
796948
797002
797104
797210
797240
797240
797459
797460
797539
797555
797572
797580
797655
797801
797881
798077
798092
798095
798259
798283
798306
798377
798503
798518
798584
798777
798917
798991
799019
799028
799076
799124
799195
799224
799309
799318
799388
799397
799400
799451
799463
799485
799664
799664
799737
799777
800039
800070
800137
800141
800171
800184
800201
800212
800311
800375
800467
800560
800628
800652
800702
800710
800771
801065
801251
801264
801413
801544
801555
801793
801912
801928
802086
802157
802207
802221
802669
802685
803061
803203
803331
803424
803668
803784
803838
803905
803907
804045
804079
804109
804414
804574
804689
804707
804730
804881
805045
805104
805317
805374
805418
805549
805569
805905
805997
806018
806101
806109
806118
806149
806210
806256
806349
806508
806851
806875
806959
807270
807379
807430
807735
807784
807909
808124
808199
808251
808396
808415
808458
808544
808694
808768
808947
809042
809193
809193
809246
809270
809329
809362
809382
809425
809494
809504
809514
809520
809566
809723
809779
809851
809860
809945
810113
810115
810201
810358
810540
810542
810574
810675
810704
810772
810948
811032
811047
811376
811480
811686
811832
811955
812004
812049
812094
812101
812141
812261
812396
812428
812504
812880
812928
813044
813078
813240
813470
813628
813632
813753
813777
814032
814213
814392
814402
814435
814438
814804
815075
815218
815227
815248
815441
815501
815571
815698
815755
815877
815913
816055
816105
816144
816294
816302
816587
816735
816858
817033
817074
817171
817218
817500
817515
817538
817579
817697
817743
817947
817964
818015
818062
818136
818228
818462
818609
818774
818939
818977
819013
819016
819137
819249
819341
819443
819466
819594
819695
819866
819956
820057
820173
820274
820324
820376
820452
820594
820625
820686
820743
820764
820848
821032
821242
821492
821509
821516
821641
821752
821878
821882
821941
822137
822449
822564
822610
822700
822719
822794
822834
822873
822955
822978
823020
823021
823166
823476
823625
823697
823719
823793
823981
824080
824132
824352
824613
824630
824746
824918
824980
825162
825277
825474
825493
825657
825777
825868
826217
826337
826572
826578
826645
826887
826955
827000
827140
827446
827482
827589
827730
827800
827982
828171
828191
828297
828309
828519
828998
828999
829024
829068
829319
829434
829590
829899
829910
829995
830004
830079
830164
830251
830738
830743
830756
830926
830952
830989
831152
831244
831340
831404
831477
831485
831503
831588
831593
831599
831691
831761
832075
832264
832306
832412
832614
832738
832795
832931
833145
833172
833204
833428
833478
833623
833631
833721
833832
833913
834038
834127
834325
834409
834488
834697
834774
835046
835235
835387
835420
835550
835761
835771
835850
835957
836285
836288
836425
836460
836618
836733
836869
836998
837056
837075
837126
837167
837229
837515
837680
837872
838133
838164
838311
838511
838680
838784
838796
838866
839008
839068
839136
839240
839341
839483
839521
839982
840036
840151
840368
840689
840744
840794
840820
841011
841070
841127
841142
841159
841221
841251
841289
841348
841392
841701
841751
841757
842232
842281
842375
842557
842629
842674
842722
842827
842909
843143
843216
843486
843522
843928
844103
844175
844214
844297
844518
844538
844562
844588
844875
844879
845105
845167
845326
845351
845471
845482
845674
845729
845798
845965
846241
846261
846363
846421
846508
846542
846643
846817
846915
847012
847119
847158
847232
847379
847514
847555
847555
847694
847794
847937
848219
848348
848407
848456
848639
848767
848826
849091
849213
849448
849556
849595
849679
849862
849928
850065
850066
850484
850595
850689
850809
850857
851087
851122
851125
851216
851273
851292
851362
851363
851539
851546
851566
851607
851645
851714
851907
852260
852615
852636
852724
852771
852782
853597
853754
853886
853967
853998
854058
854111
854192
854226
854332
854427
854540
854613
854708
854725
854867
855135
855333
855355
855364
855450
855488
855636
855664
855768
855832
855927
856072
856295
856411
856557
856593
856658
856714
856765
856955
856994
857132
857470
857494
857546
857729
857732
858074
858082
858162
858270
858277
858281
858459
858489
858548
858617
858638
858746
859015
859046
859085
859125
859198
859242
859453
859551
859597
859654
859758
859759
860071
860088
860497
860545
860609
860643
860696
860942
861053
861184
861239
861394
861402
861416
861497
861805
861881
861944
861984
862095
862318
862360
862450
862624
862692
862737
862913
862976
863092
863113
863142
863298
863382
863487
863602
863867
864084
864106
864227
864276
864384
864493
864568
864590
864771
864771
864840
864927
864954
865053
865256
865261
865288
865319
865375
865561
865561
865690
865783
865984
866005
866124
866291
866359
866361
866410
866412
866505
866532
866864
866894
866924
866938
867043
867087
867132
867453
867469
867514
867532
867620
867661
867913
867920
867954
867992
868030
868205
868227
868497
868535
868849
868931
869230
869260
869332
869460
869667
869735
869752
869908
870014
870231
870409
870561
870632
870666
870694
870758
870760
870927
871339
871409
871462
871518
871551
871601
871659
871876
871916
871944
872037
872174
872242
872537
872588
872600
872682
872733
872770
872942
872967
873081
873273
873299
873558
873591
873624
873686
873725
874115
874128
874208
874471
874501
874594
874755
875242
875262
875466
875534
875596
875617
875685
875762
875880
875966
875991
876180
876261
876279
876317
876827
876890
876902
877075
877118
877130
877159
877347
877371
877374
877381
877395
877397
877422
877432
877656
877789
877909
877914
877997
878018
878030
878057
878130
878137
878162
878205
878236
878446
878466
878520
878832
878854
878879
878896
878962
878994
878995
879063
879069
879122
879282
879295
879304
879525
879608
879636
879759
879763
880079
880121
880206
880344
880550
880693
880806
880836
881052
881094
881099
881133
881373
881422
881461
881647
881840
882139
882173
882252
882311
882326
882710
882944
883049
883098
883161
883209
883226
883312
883437
883738
883755
883763
883836
883934
884006
884038
884185
884252
884314
884524
884542
884654
884779
884829
884860
885210
885211
885570
885705
885719
885756
885779
885825
885862
885938
885951
886005
886083
886186
886567
886990
887025
887041
887056
887145
887170
887257
887578
887586
887611
887673
887793
887885
887978
888181
888356
888548
888591
888611
888831
888983
889214
889417
889515
889565
889660
889759
889809
889810
889976
890062
890113
890311
890355
890450
890512
890513
890614
890625
890802
890935
891040
891074
891272
891288
891410
891616
891644
891650
891778
891844
892274
892492
892622
892674
892775
892853
893122
893141
893250
893433
893705
893715
893836
893852
893951
894025
894063
894081
894099
894128
894188
894335
894521
894598
894602
894680
894963
894983
895032
895227
895301
895304
895314
895351
895444
895507
895750
895769
895781
896017
896055
896130
896168
896219
896346
896457
896494
896767
896910
896929
896981
897087
897199
897325
897359
897379
897392
897427
897612
897795
897840
897860
897974
898008
898243
898249
898287
898510
898539
898644
898648
898861
898910
899304
899342
899399
899420
899435
899538
899617
899821
899964
900055
900364
900720
900770
900869
901211
901216
901371
901375
901396
901582
901655
901894
902026
902046
902137
902404
902500
902550
902781
902787
902789
903088
903282
903342
903435
903513
903554
903608
903755
903936
903995
904192
904425
904690
904725
904842
905078
905120
905365
905424
905436
905484
905593
905666
905881
905917
905976
906004
906256
906507
906521
906575
906821
907152
907154
907199
907259
907442
907704
907961
908149
908254
908379
908421
908448
908641
908668
908726
908752
909114
909119
909369
909379
909423
909440
909445
909593
909654
909677
909791
909868
909959
909980
910191
910196
910257
910308
910310
910376
910445
910483
910551
910674
910704
910742
910792
910880
911009
911400
911446
911655
912065
912245
912484
912667
912740
912857
912906
912950
913033
913337
913411
913437
913522
913568
913616
913661
913665
914005
914353
914444
914546
914548
914623
914716
914727
914789
915026
915060
915073
915135
915154
915196
915211
915425
915697
915866
916109
916302
916482
916541
916606
916649
916852
916898
916905
916950
916967
916994
917036
917070
917120
917243
917285
917432
917615
917656
917673
917675
917755
917927
917949
917998
918040
918054
918136
918213
918232
918312
918359
918394
918592
918838
918900
918911
919069
919077
919138
919330
919366
919411
919422
919521
919781
919812
919916
919935
919963
920008
920183
920207
920210
920290
920443
920485
920637
920710
920800
920813
920938
920954
920961
920988
921062
921112
921237
921299
921341
921512
921725
921747
921747
921842
921869
921896
921916
921940
922102
922340
922391
922415
922495
922535
922535
922643
922669
922799
922906
922926
922955
923122
923234
923246
923259
923296
923488
923685
923700
923775
923811
924057
924069
924529
924544
924553
924854
924925
924984
925044
925168
925248
925312
925383
925418
925535
925550
925625
925869
926268
926322
926733
926818
926944
927305
927521
927523
927538
927565
927690
927873
927904
927940
927947
928168
928215
928395
928447
928762
928867
929036
929102
929165
929516
929586
929615
929634
929669
929712
929763
929804
929998
930075
930083
930194
930336
930441
930469
930475
930592
930634
930656
930711
930725
931008
931026
931107
931127
931409
931463
931485
931940
931970
931975
932128
932203
932605
932663
932697
932751
932838
932878
933140
933155
933258
933327
933339
933354
933451
933497
933546
933681
933766
933910
934383
934386
934518
934583
934597
934646
934727
934984
935144
935262
935273
935347
935405
935541
935627
935636
935691
936096
936367
936451
936706
936742
936751
936795
937120
937129
937145
937155
937181
937278
937305
937328
937548
937681
937796
937850
937882
937948
938051
938068
938182
938259
938314
938402
938485
938735
938744
938802
938852
938990
939010
939082
939191
939214
939218
939232
939723
939871
939884
940162
940669
940684
940705
940739
940746
940856
940907
940952
941256
941275
941276
941433
941449
941495
941520
941587
941887
942077
942102
942306
942315
942371
942380
942389
942409
942517
942621
942870
942951
943092
943124
943147
943162
943232
943518
943551
943644
943725
943752
943892
943893
943951
943983
944001
944090
944210
944299
944419
944526
944858
945059
945087
945248
945357
945378
945651
945655
945828
946139
946273
946291
946364
946491
946854
946891
946897
946911
947151
947159
947186
947228
947244
947326
947394
947562
947619
947696
947711
947766
947871
947922
948027
948060
948247
948628
948632
948652
948700
948730
948802
948814
948837
948934
948963
949004
949023
949384
949804
950240
950355
950459
950536
950633
950885
950919
951017
951033
951118
951288
951834
952180
952291
952602
952724
952762
952812
952950
952995
953200
953207
953246
953307
953326
953335
953420
953496
953732
953829
953969
953987
954013
954055
954419
954462
954661
954685
954720
954839
954841
954868
954884
955063
955161
955188
955571
955622
955699
955716
955721
955948
955952
956050
956192
956268
956610
956612
957059
957095
957112
957307
957346
957347
957354
957355
957451
957650
957765
957827
957980
958060
958100
958184
958304
958310
958343
958684
958763
958766
959001
959029
959082
959100
959140
959220
959323
959451
959573
959796
960048
960288
960324
960474
960539
960634
960654
961205
961391
961395
961489
961594
961694
961828
961970
962113
962159
962221
962270
962350
962434
962494
962509
962549
962600
962774
963093
963223
963474
963586
963615
963661
963782
963903
964067
964136
964217
964245
964253
964747
964803
964874
964922
964941
964971
964985
965059
965123
965345
965433
965520
965526
965622
965772
965811
965815
965928
966038
966096
966118
966329
966338
966344
966368
966600
966758
966812
966826
966849
966873
967001
967037
967044
967108
967303
967331
967447
967483
967522
967607
967820
967839
967873
967881
967904
968040
968137
968244
968452
968599
968774
968824
968827
968920
968921
968923
969043
969192
969200
969232
969428
969462
969563
969618
969739
969785
969786
969812
969901
969978
970174
970175
970190
970208
970285
970366
970656
970724
970982
971002
971088
971095
971241
971252
971565
971682
971725
971772
971816
972095
972225
972536
972575
972578
972634
972702
972864
972927
973028
973070
973149
973536
973572
973787
973922
974115
974167
974199
974289
974314
974408
974475
974530
974588
974745
974845
975017
975258
975350
975391
976151
976177
976263
976483
976558
976698
976803
976898
976971
976983
977077
977218
977274
977679
977824
977985
978085
978113
978198
978227
978534
978537
978603
978637
978680
978700
978985
979018
979322
979326
979348
979362
979460
979545
979567
979574
979711
979740
980338
980344
980602
980658
980660
980851
980903
980906
980963
980989
980995
981093
981265
981372
981382
981498
981519
981660
981740
981825
981938
981977
982157
982192
982203
982515
982577
982671
982764
982816
982886
982933
983050
983105
983150
983168
983177
983425
983648
983712
983815
983908
983966
984001
984208
984217
984257
984314
984418
984421
984474
984478
984525
984597
984686
984789
984793
984977
985127
985322
985572
985644
985706
985752
985755
985839
986106
986131
986210
986347
986349
986410
986584
986693
986730
986753
986786
986922
987044
987084
987533
987579
987584
987744
987755
987895
988268
988296
988300
988314
988885
988953
989069
989118
989547
989674
989677
989686
989804
989937
990065
990080
990170
990266
990393
990479
990500
990839
990853
990914
991128
991155
991179
991332
991445
991548
991632
991798
992065
992294
992305
992313
992329
992485
992487
992575
992636
992861
992948
992952
992967
993474
993568
993573
993636
993990
994239
994288
994393
994413
994701
994980
995020
995221
995244
995341
995512
995550
995559
995617
995627
995851
995955
996072
996157
996239
996360
996366
996402
996529
996537
996567
996712
997128
997300
997619
997660
997741
997952
997985
998224
998381
998661
998743
998782
998842
998856
999076
999090
999192
999277
999297
999604
999621
999800
